kL1;sigma;Deltac;delta;tNoInteractionAbs;tNoInteractionArg;t_storage;t_retrieval;t_to_pass_ensemble;P_success;F_swap;F_CJ;F_CJ_conditional;P_success_tNoInteraction_one;F_swap_tNoInteraction_one;F_CJ_tNoInteraction_one;F_CJ_conditional_tNoInteraction_one;single_photon_storage_retrieval_eff
-0.5;0.16686075848385371;-10.044608035798245;0.0016147406142683798;1;-1.5667129947331293;289.08490995903639;250;250;0.63988461654386775;0.58592915403089607;0.3745906049833887;0.58540336069746468;0.63988461654386775;0.39997804254312902;0.25560334931313283;0.39945224920969757;0.96097034349010135
-0.48999999999999999;0.16529321588433959;-9.990442004728191;0.0016057889081665902;1;-1.5354678775456343;287.49236730660959;250;250;0.63334739808462615;0.59962605934566082;0.37942216440162135;0.59907432405828565;0.63334739808462615;0.41173037957396957;0.26041892450687909;0.41117864428659517;0.96070256178959068
-0.47999999999999998;0.1636100697254369;-9.9589631228922535;0.0016005886437728749;1;-1.5017468463566748;285.7818854392101;250;250;0.6274443671901978;0.61302489825753959;0.38427759379846954;0.6124488701991696;0.6274443671901978;0.42372083416072365;0.26549982509471065;0.42314480610235433;0.96037291942684844
-0.46999999999999997;0.16215480742208449;-9.9243042974947606;0.0015948651922117326;1;-1.471840840497304;284.30256717735699;250;250;0.62180784952242452;0.62641303892081213;0.38913438513897852;0.62581131041985183;0.62180784952242463;0.43617148870265648;0.27084069590801507;0.43556976020169652;0.96005258970492946
-0.46000000000000002;0.16060126048676451;-9.909277439045777;0.0015923843442253774;1;-1.4402604571965272;282.7228972452599;250;250;0.61677337809935207;0.63944765422371708;0.39400837226797819;0.6388219502634076;0.61677337809935207;0.44882070737015056;0.27643474630033821;0.44819500340984092;0.95967430107374241
-0.45000000000000001;0.15906968620769454;-9.8917237310885078;0.0015894867756443385;0.94811439402516329;-1.409389430074989;281.16511094877313;250;250;0.56350158400263806;0.65277952698749764;0.3674454612049799;0.6520752942608582;0.61198237602270156;0.4618940390544013;0.28227417523426784;0.46124559512445312;0.95926445752349687
-0.44;0.15756537305343932;-9.8733338385096552;0.0015864515304430174;0.89242441733779354;-1.3779321451039912;279.63459776463105;250;250;0.50987308698555489;0.66689776758330843;0.33962624418374077;0.66609957036889589;0.60747134723274265;0.47534256432664557;0.28835000867083871;0.47467260799110933;0.95882604359352752
-0.42999999999999999;0.15610704025391872;-9.866705420540903;0.0015853578901875304;0.84333773784803556;-1.3464585538500453;278.15042477931627;250;250;0.4650860148804522;0.68143836204305619;0.31651043549564006;0.68054171780890316;0.60346531168499418;0.48895866341334304;0.29465257552418339;0.48826762668670265;0.95836690376332201
-0.41999999999999998;0.15468713125337649;-9.8616484671107258;0.0015845234516455669;0.79912755972587646;-1.3149848519743788;276.704928888258;250;250;0.42669662365653849;0.69654453620820522;0.2967867003370207;0.69554499352193988;0.59978454790048719;0.50284222534211387;0.3011704953026651;0.50213113418292599;0.95788738426238151
-0.40999999999999998;0.1533082930291855;-9.8525329142172353;0.001583019176257545;0.75880495861057229;-1.2835189632546973;275.30083032152265;250;250;0.39326535059381745;0.7122964896005507;0.27968630527480981;0.71118979806507976;0.59633515168379847;0.51703626608195019;0.30789167672530854;0.51630643582883307;0.95739087225638198
-0.40000000000000002;0.15201835791725871;-9.8360618143622673;0.0015803012732592797;0.72180468869455428;-1.2520690769457099;273.98688595837086;250;250;0.3639035899892199;0.72870867592531152;0.26473614040436194;0.72748977390468816;0.59307985787648754;0.53154137643948418;0.31480292117305197;0.53079347914494779;0.9568986593354919
-0.39000000000000001;0.15075626532721775;-9.8347175150458597;0.0015800800632172138;0.69008279974926012;-1.2205944917403528;272.70094098758852;250;250;0.33989320281089619;0.74495289487445104;0.25275252120063052;0.74362334730551383;0.59036517170629843;0.5460060940081195;0.32189107726029365;0.5452406284909227;0.95639096215613051
-0.38;0.14954451045181466;-9.841516807610251;0.0015812018804960434;0.66250810666706084;-1.1891125438175012;271.46594137143728;250;250;0.31990568114431078;0.76105290991059915;0.24300490276199488;0.75961421470465962;0.58806942573407206;0.56047884593528963;0.32914022629544626;0.55969620574065537;0.95587904277719238
-0.37;0.14840453027129091;-9.8325703888465839;0.0015797258358183726;0.6365575468181347;-1.1576571782925966;270.3037793936299;250;250;0.30169472883546461;0.77777099776934311;0.23418166702444121;0.77622061190255986;0.58582074061532763;0.57526571202814725;0.33653484222726365;0.57446727112081775;0.9553754002537943
-0.35999999999999999;0.1473325495732567;-9.8184743196969109;0.0015774008065133575;0.61309669730169158;-1.1262109957749298;269.21065681351126;250;250;0.28581039289453597;0.79462319452214214;0.22663668675660947;0.79296167106225002;0.58378730946359658;0.59016941173418036;0.34405853233113554;0.58935596364242326;0.95488215772374918
-0.34999999999999998;0.14629476489943014;-9.8225682532214709;0.0015780759934876699;0.59384734258054883;-1.094741880500393;268.15213813008006;250;250;0.27338559799523532;0.8105038938657122;0.22109762764670213;0.80873911891494554;0.5822943818793761;0.60480828904396888;0.35169400476913898;0.60397973209707756;0.95438637709410623
-0.33999999999999997;0.14532440764123725;-9.8192418372058476;0.0015775272103037306;0.57639182742857353;-1.0632864659128485;267.16215243053318;250;250;0.26246649755995421;0.82632488861500386;0.21639292891852088;0.82445923929430676;0.58096271789056819;0.61951124887413112;0.35942326846681671;0.61866838851872541;0.95390642412294291
-0.33000000000000002;0.14439447981530951;-9.8245396887683469;0.0015784010731375239;0.56178878448765468;-1.0318205678748753;266.21319105685751;250;250;0.25373964607598104;0.84127954481877187;0.2129689486954299;0.83932074466462148;0.58000073977921085;0.63400784508831631;0.36722799391919919;0.63315090608158886;0.95343149714105613
-0.32000000000000001;0.14354466162425497;-9.8113987730615921;0.0015762336795949203;0.54787500260104127;-1.0003839339039047;265.34578504856228;250;250;0.24558140394678951;0.85645674112966952;0.20982619507060624;0.85440587804469748;0.57904642184313349;0.64864032058885412;0.37508920286444863;0.6477705218702865;0.95298457403289738
-0.31;0.14271133146983594;-9.8224505232446937;0.0015780565247984612;0.53747706283966212;-0.96891473259895644;264.49502563486089;250;250;0.23994631027763372;0.86985913081914135;0.20820844248930628;0.8677292943091951;0.57862863341157289;0.66277126014373755;0.38298738210938121;0.66188805737334822;0.95253426106700478
-0.29999999999999999;0.14195248327952836;-9.8160561369531969;0.0015770017429604861;0.5275852304952211;-0.93747362544949298;263.72014631014861;250;250;0.23466967459797339;0.88327657787546798;0.20676047454813437;0.88107027421565254;0.57821793239201003;0.67694296952182176;0.39090281162230245;0.67604754146103696;0.95211373126700638
-0.28999999999999998;0.14124525453698844;-9.8164786154204222;0.0015770717012275376;0.51965508698008045;-0.906024109596544;262.99783798623042;250;250;0.23074421190032157;0.89555045375907549;0.20611821945269093;0.8932757955451176;0.57809966511129796;0.69078113889978332;0.39881548084624302;0.68987322587267286;0.9517127620541157
-0.27999999999999997;0.1405424092799509;-9.8110041433745252;0.0015761687336724743;0.51275298382431811;-0.87458413643319433;262.27987205885597;250;250;0.22749973206055429;0.90724778030386743;0.20586772649703222;0.90491414927133096;0.57809596952814812;0.70444305175993616;0.40670478854989767;0.70352469137928275;0.95130557133506544
-0.27000000000000002;0.13992940960415551;-9.8099568180539833;0.001575995880227333;0.5073682332167867;-0.84314281401355684;261.65357374552724;250;250;0.22526266351136567;0.91781823977339994;0.2062122845366732;0.9154303750220405;0.57833720037427794;0.71772697295575028;0.41455031139833787;0.71679689829749249;0.95094329766547481
-0.26000000000000001;0.13933604616293427;-9.8060826117045536;0.0015753570717561712;0.50295819275272391;-0.81170515587967385;261.04723813348664;250;250;0.22364875272744325;0.92762031502727771;0.20691683128717053;0.92518660964470656;0.57870843042818121;0.73072366591175242;0.42233165060319866;0.72978313153433627;0.95058625501507477
-0.25;0.13878678049062707;-9.8062100221275639;0.0015753780988104014;0.49974846233319148;-0.78026459068239662;260.48587615748795;250;250;0.22280819169672278;0.9363578743588975;0.20807724747143735;0.93388508693012251;0.57927146978459787;0.74331118341612745;0.43002800442933337;0.74236006235425211;0.95025012346702997
-0.23999999999999999;0.13827363195916381;-9.8031964112877201;0.0015748810423685138;0.49728992401591665;-0.74883030243341553;259.96134932203893;250;250;0.22243199627389362;0.9443478470907043;0.20949585926268707;0.94184228335892139;0.57993989292537407;0.75555438159168109;0.43761880961692523;0.75459338968639889;0.94993117921125481
-0.22999999999999998;0.1377708677262123;-9.8049219911092234;0.0015751656011610384;0.49581356985703745;-0.71738995096765568;259.44736383201354;250;250;0.22267666790163218;0.95133634775221743;0.21127695987981704;0.94880600590426034;0.58076136409149515;0.76734987674800659;0.44508371306425792;0.7663796880849979;0.9496140567887501
-0.22;0.13734678525855973;-9.7988016908162567;0.00157415624877402;0.49473572227734064;-0.68596387221243305;259.01375937701255;250;250;0.22314777199526975;0.95777511758551581;0.21315561728455124;0.95522180382365496;0.58163703706420866;0.77878834448142975;0.45240237890715501;0.7778087537042675;0.94934297843532378
-0.20999999999999999;0.1369155432669866;-9.8059695069790926;0.0015753384053458352;0.49472787968564924;-0.65451879463174767;258.5727808592103;250;250;0.22430333430333016;0.96304721674004345;0.21543854662183209;0.96047857376248347;0.58269091208142343;0.78966582685338627;0.45955494570422956;0.7886770433104211;0.94906394099365077
-0.19999999999999998;0.13652893879687306;-9.801835185766322;0.0015746564696689392;0.49485188961618631;-0.62309210380514646;258.17740122397265;250;250;0.22550463366313142;0.9679792604435874;0.21770190240832235;0.96539879856098598;0.58373842905066642;0.80019320115904358;0.46652161607008652;0.79919634009498131;0.94881087206044279
-0.19;0.13617893179165522;-9.7978041951664636;0.0015739918400869087;0.49543718298646527;-0.59166602385104405;257.81941158718485;250;250;0.226979167382035;0.97224802949087774;0.22009238328799338;0.9696589595711651;0.58485065435911732;0.81024261062091008;0.47328325607660848;0.80923779865688106;0.94857937148919969
-0.17999999999999999;0.13583980520474112;-9.8009448354252484;0.001574509497916653;0.49658978023959849;-0.56023214049030745;257.47251570010178;250;250;0.22880192293330792;0.97574910415943461;0.22265981820384589;0.97315536228577781;0.58604578910393101;0.81975553556565617;0.47982082658460529;0.81874289604273998;0.94835289270717171
-0.16999999999999998;0.13553356726886676;-9.7996569936283731;0.0015742972281769772;0.49792214791014289;-0.52880428333468843;257.15923230706676;250;250;0.23070711915623146;0.97883473685470357;0.22522525732812565;0.97623887009575294;0.58724507557035577;0.82881118907329909;0.48611640441923498;0.82779136793458741;0.94814653089477863
-0.16;0.13524921337535459;-9.7937076871403335;0.0015733161999955567;0.49939821741725621;-0.49738405732802382;256.86831111036736;250;250;0.23266919612813053;0.98154079018522489;0.2277705823518115;0.97894601495239886;0.58843675785967497;0.83739817811155071;0.49215214469800456;0.83637219824287135;0.94795333993046116
-0.14999999999999999;0.13499595402477974;-9.7957612578644291;0.0015736549342181545;0.50122533187791429;-0.46595408333120703;256.60918196468515;250;250;0.23483528034960605;0.98365568623071709;0.23038796421907537;0.98106197619067359;0.58967139336844765;0.84542025450015679;0.49791104482861609;0.84438731542383572;0.94777999214453745
-0.13999999999999999;0.13477111974807449;-9.7908963625213765;0.001572852732183337;0.50304978826964941;-0.4345351887070148;256.37912033146142;250;250;0.23695641444960369;0.98552327787645655;0.2329122098142995;0.98293270665536547;0.59086638611178199;0.85296888634087498;0.50337679087009801;0.85192998400634623;0.94762508433207637
-0.13;0.13454354653123984;-9.7958306734315528;0.0015736663908311704;0.50511573193693471;-0.4031027333365842;256.14624033030793;250;250;0.23920355988169523;0.98692033327372453;0.23545624890551864;0.9843342173585129;0.59206790993967828;0.85995613405711402;0.50853382279781556;0.85891130774107749;0.94746731307202003
-0.12;0.13435444507052993;-9.7926195566407799;0.0015731368016753174;0.50708155815079603;-0.37168346002111202;255.95271710849931;250;250;0.2413355004449062;0.98815707617697623;0.23785451421516279;0.98557615343235394;0.59320824012347728;0.86645870898033106;0.5133675776116996;0.86540870960396854;0.94733546393798074
-0.10999999999999999;0.13418889838521822;-9.7875132028810121;0.0015722947788684193;0.50902124593608788;-0.34026758167907967;255.78329039455227;250;250;0.24340229632753438;0.98916819878069817;0.24013901565241619;0.98659305715535672;0.59429850698534992;0.87244199323087968;0.51786417862345824;0.87138731216133469;0.94721947817487673
-0.099999999999999992;0.13403416472738131;-9.7871916239015242;0.0015722417054232884;0.51097453145391203;-0.30884582092374535;255.62492247757314;250;250;0.24543052469391494;0.9899212086709912;0.2423262442745035;0.98735169383155219;0.59534291494706781;0.87788286361662193;0.52201070563234686;0.87682357936309541;0.9471105944507352
-0.089999999999999997;0.13390904901963913;-9.7828172151803301;0.0015715205039824717;0.51280385928203864;-0.27743031041235544;255.49686272429699;250;250;0.2473203408072957;0.99053882094414181;0.24434628389829427;0.98797487946485274;0.59631327571630433;0.88280677881630565;0.52579528722004265;0.88174338662584029;0.94702221695811462
-0.079999999999999988;0.13378798322279137;-9.7828153078316973;0.0015715201316655978;0.51456315056449298;-0.24600949326434923;255.37294354593206;250;250;0.24910738432382656;0.99098192705578103;0.24622357952976209;0.98842344717362662;0.59721293514294638;0.88719503421010004;0.52920701419357197;0.88612784997180816;0.94693641407514184
-0.069999999999999993;0.1336913171935516;-9.7807378713954662;0.0015711777859985974;0.51616225577412989;-0.21459165799360533;255.2739959310193;250;250;0.25072536139354101;0.99132565675354767;0.24791024616648333;0.98877211618556982;0.59802532083378679;0.89105975462786335;0.53223605826166409;0.8899891688860313;0.94686770164063638
-0.059999999999999991;0.13361197713438691;-9.779650300457071;0.0015709982631796774;0.51760219761695914;-0.18317478025553507;255.1927810476848;250;250;0.25217260036734107;0.99157194489555667;0.24940436846846045;0.98902247153398859;0.5987471318786971;0.89439513851682473;0.53487361662604516;0.89332138418394569;0.94681117043331375
-0.049999999999999989;0.13355053505085332;-9.7773736891289467;0.0015706228782285116;0.51884824194016432;-0.1517595673371103;255.12988572139122;250;250;0.25342164548466395;0.99175283047268392;0.25068644827136854;0.98920693136505999;0.59936876402239569;0.89720606568473016;0.53711210472176096;0.8961296233009759;0.94676730846080503
-0.039999999999999994;0.13350450368754491;-9.776540464623757;0.0015704855316855844;0.51989687121407913;-0.12034288476309626;255.08276483921998;250;250;0.2544680947878929;0.99187209298009826;0.25175257268352053;0.98932863427678097;0.59988756939837096;0.89948897450395282;0.53894502552540546;0.89841005718107314;0.94673440007943133
-0.029999999999999992;0.13347730171775721;-9.7744435724755014;0.001570138891476991;0.52072000580783206;-0.088932593338707983;255.05491871253625;250;250;0.25528986656286712;0.99195405384301716;0.25258692420990703;0.98941226148396899;0.60029677609931431;0.90124749948176552;0.54036707457430033;0.90016654443085153;0.94671493382480465
-0.01999999999999999;0.13346548098263111;-9.7726986345780453;0.0015698511459932237;0.5213137653361779;-0.057518933378170774;255.04281798393023;250;250;0.25588259718902906;0.9920032451510794;0.25318613195085476;0.98946209993256273;0.60059355045339047;0.90248113447618539;0.54137411393390755;0.90139848076161;0.94670647022262511
-0.0099999999999999898;0.13346842144022913;-9.7718261658152201;0.0015697072028859587;0.52167136606743281;-0.026104886371903717;255.04582809517697;250;250;0.25624036669401751;0.99202609365209227;0.25354585095475274;0.9894844213110171;0.6007755386324749;0.90319005422232224;0.54196321226021782;0.90210599035684846;0.94670857583156653
1.0408340855860843e-17;0.13348704938169201;-9.7718261658152201;0.0015697072028859587;0.5217870607849906;0.0053101129305873898;255.06489723291594;250;250;0.25635840554798023;0.99202726781690098;0.25366248200606389;0.98948377161203804;0.6008412851997913;0.90337446504624508;0.54213262796346473;0.90228924229664942;0.94672191108464021
0.010000000000000011;0.13353075310751547;-9.7674665390451985;0.0015689886760962566;0.52163988124813421;0.036718824210596267;255.10963563944631;250;250;0.25622134965478627;0.99202123671199161;0.25352469920163329;0.98947530931053851;0.60078830082927581;0.90303727843995651;0.54188191114451223;0.90195150337738883;0.94675317112166457
0.020000000000000011;0.13358705803915616;-9.764865678449496;0.0015685599159117945;0.52125316971039082;0.068128636236935575;255.16727270243229;250;250;0.25584616380353503;0.99199298851501949;0.25314528198653907;0.98944333666433248;0.60061867281506365;0.90217657059635137;0.54121177583139424;0.90109049273271369;0.94679339009086116
0.030000000000000013;0.13364037153474745;-9.7613071382915244;0.0015679731588300236;0.52062593077895958;0.09953674537590021;255.22184664033713;250;250;0.25523133470053827;0.99195230578557636;0.25252584203817435;0.98939984126346292;0.6003270712565999;0.9008017250185657;0.5401241924365332;0.89971653503139459;0.94683141588993669
0.040000000000000008;0.13378054894365013;-9.7613162935649616;0.0015679746885943454;0.51975779648121145;0.13094636012086605;255.36533390065844;250;250;0.25438459074926445;0.99185096078985036;0.25165945507283011;0.98928733981721251;0.59994430341556382;0.89887413156285323;0.53862226904678445;0.89778712120497728;0.94693113600146783
0.05000000000000001;0.13380888578645647;-9.7607954920207689;0.0015678887548267405;0.51869909676442871;0.16236021604261783;255.39433908486706;250;250;0.2533293543478442;0.99175083855566781;0.25059001868084513;0.98918666305351366;0.59941695230881531;0.89647112773729476;0.53671041029674116;0.89538743979371438;0.94695124845585343
0.060000000000000012;0.13398160574190085;-9.7523991049205527;0.0015665048768025763;0.51735460747582906;0.19375740925857715;255.57112734058032;250;250;0.25201524282462057;0.99160183368593091;0.24924989394041844;0.98902705704144034;0.59880714185000528;0.89351473509402568;0.53439412176123791;0.8924311091384709;0.94707350514012612
0.070000000000000007;0.13411232279784566;-9.7565235556056003;0.0015671845614531452;0.51589944463358395;0.22517259374908352;255.70491718845099;250;250;0.25056102365381638;0.99134260021536691;0.24774425858268617;0.98875816745136724;0.59809872052912016;0.89003330081422549;0.53168022032638518;0.88895060644173174;0.94716565038471312
0.080000000000000016;0.13427343017447096;-9.7500313223292281;0.0015661146043761212;0.51419993504482808;0.25657316377524442;255.8698044693225;250;250;0.24887383569455793;0.99105922422687798;0.24600337273631934;0.98846619231697175;0.5972822216063377;0.88604976436446059;0.52857643391588061;0.8849693072971786;0.94727876846467907
0.090000000000000011;0.13445618278212326;-9.7484959066914545;0.0015658613391551508;0.51238045413817512;0.28797811750652674;256.05683512153314;250;250;0.24704754646635813;0.99064042827709542;0.24409200643161785;0.9880365537848288;0.59638770961598597;0.8815325262607151;0.52509188348400093;0.88045389772050731;0.94740648422268758
0.10000000000000001;0.13465656122989431;-9.7439033956335983;0.0015651041306621863;0.51040743621649198;0.31937752637451922;256.26189240544932;250;250;0.24505883049787019;0.99012028104520067;0.24199706716609301;0.98750600692267732;0.59540642269490762;0.8765058827451313;0.52123658115725457;0.87542989341306043;0.94754578652566723
0.11000000000000001;0.13487087405152098;-9.7438667298363661;0.0015650980828475808;0.50838432919869692;0.35078406961244396;256.4811958091434;250;250;0.24298513947005518;0.98940313745891484;0.23977228619861293;0.98677757298882807;0.59436416495656674;0.87094658923955892;0.51702146908618929;0.86987321842320475;0.94769393186004658
0.12000000000000001;0.13510191436598662;-9.7366010666879408;0.0015639008422137553;0.50621391684806016;0.38218067954529089;256.71760052203149;250;250;0.24075747477275788;0.98857971345104056;0.23737358571325723;0.98594482242890036;0.59323898604062897;0.86490109628783873;0.51245867967843439;0.8638317638202857;0.94785266586076633
0.13;0.13537180419752959;-9.7373311997445811;0.001564021336030887;0.50411408844635608;0.41358619562637089;256.99373623093021;250;250;0.23853684693799102;0.9874307423962112;0.2349071089498137;0.98478332368868415;0.59209247581199331;0.8582998939737857;0.50756140230109204;0.85723332593447388;0.94803681501950288
0.14000000000000001;0.13566872771461902;-9.7263572694046125;0.0015622135754143301;0.50184981733959688;0.44497665638369976;257.29750579630735;250;250;0.23615419085694084;0.98618632903305636;0.2322644579473114;0.98352884234019045;0.59086472018257596;0.85124532143640896;0.50234325203758434;0.85018318894105127;0.94823782683806757
0.15000000000000002;0.13596954520424304;-9.7276635171157935;0.0015624283336480864;0.49983936368033899;0.47637891179537706;257.60523206998766;250;250;0.23390911204585363;0.98446002217366213;0.22965021025743099;0.98179249302785709;0.58965019811883312;0.84362590239709367;0.49682022111277385;0.84256771675441533;0.94843979032291681
0.16;0.13629401143272818;-9.723494291423048;0.0015617411520110409;0.49784143553329141;0.5077739812692097;257.93711987342516;250;250;0.23162996560275331;0.98247117910577264;0.22695008238550929;0.97979586447260436;0.58839752462775086;0.83553489471542952;0.49100698075420973;0.83448172400936738;0.94865573819927163
0.17000000000000001;0.13667032044013439;-9.7192061872465274;0.0015610346184429472;0.49599231053134241;0.53916714252656939;258.32199706954287;250;250;0.22941524788348805;0.98007497899957763;0.224228419872122;0.97739109296693194;0.58714798573863147;0.82693946918963479;0.48492011928299661;0.82589079935779341;0.94890374009707046
0.18000000000000002;0.13703779022787757;-9.7153693647367643;0.0015604023771857703;0.49436845510572314;0.57056120191053628;258.6977934292255;250;250;0.22731467335229896;0.97723315772278319;0.22152855006776703;0.97454575545343514;0.5859009653196795;0.81786493640782687;0.478576969773441;0.81682229267589557;0.94914338899296791
0.19;0.13744486895866398;-9.7131923170072731;0.0015600435454157582;0.49306308962432654;0.60195524773618869;259.11405001252126;250;250;0.22539439384350299;0.97383422302967504;0.2188905501727588;0.97114460763713595;0.58469176056738625;0.80829180353904606;0.47199533343235944;0.80725497649280031;0.94940596726231208
0.20000000000000001;0.13786003519056933;-9.7067798109983432;0.0015589875256359609;0.49198087139313673;0.63334565552628808;259.53852675216257;250;250;0.22358464541887516;0.96999169712966926;0.21627458043226669;0.9673051565195212;0.58348836426761386;0.79829147391254995;0.46519311709229311;0.79726202882588204;0.94967063554541298
0.21000000000000002;0.13834629420398373;-9.7094741346572846;0.0015594310521734353;0.4915937469062735;0.66474157345227325;260.03562731530167;250;250;0.22221262940965997;0.96523673895124895;0.21389139184867037;0.96255281446830376;0.58241317317364116;0.7877338713478631;0.45819018171157377;0.78670985275768923;0.94997663161951484
0.22000000000000003;0.1388612849191482;-9.698286770496269;0.0015575877707519089;0.49124247768945672;0.69611775758545502;260.56202637697368;250;250;0.22081871041961007;0.96022529828447378;0.21144480919524467;0.95754933444474577;0.58130440211331258;0.77686696541958855;0.4510052839705993;0.77585045344742753;0.95029603579164657
0.23000000000000001;0.13940437383196649;-9.6899903761481276;0.001556221112051443;0.49153260735432175;0.7274973754613081;261.11706461158849;250;250;0.2198178302788876;0.95440859716597881;0.20921065889356655;0.95174562785983507;0.58029380465769198;0.76554907809534267;0.44365801904515911;0.76454033367953567;0.9506276903311669
0.24000000000000002;0.13998031682513057;-9.6857488142584813;0.0015555224836281867;0.49262451689618014;0.75888116309765608;261.70558932931408;250;250;0.21931630792602747;0.94766945574079164;0.20725942413173554;0.94502513785541864;0.57941250149014034;0.75377844226187507;0.43616871076469155;0.75277752834629452;0.95097363728188999
0.25;0.14057740438456628;-9.6847676742148927;0.0015553607441939001;0.49461278109701623;0.79026770044749639;262.31562323066225;250;250;0.21937520066532801;0.93997472768777857;0.20563281497144525;0.93735670371033553;0.57867116621300663;0.74158194347505557;0.42855775853782058;0.74058944623494527;0.95132605188231445
0.26000000000000001;0.14124431519307049;-9.6789479720664531;0.0015544022974580765;0.49725130526714223;0.82164503215209117;262.99687852362399;250;250;0.21982694497367858;0.93156988077963387;0.20421535471209953;0.92898236263325984;0.57802341678588431;0.72906061271858469;0.42084530019842553;0.72807655879851341;0.95171222365474029
0.27000000000000002;0.1419213986069002;-9.6711547362891004;0.0015531186094334235;0.50073714209834819;0.85301813661180959;263.68840167774118;250;250;0.22080396643071612;0.92237012955300701;0.20310048077616283;0.91982261034197366;0.57748890189042357;0.71622991007391601;0.41305232192330787;0.71525586131815055;0.95209629136812346
0.28000000000000003;0.14265854859837357;-9.6632262693990914;0.0015518127274575934;0.50527599398511847;0.88438786558003346;264.44113264441194;250;250;0.22245013334584635;0.9122535884153572;0.20237455418876105;0.90975245168375096;0.57711367041739325;0.7030775380995149;0.40519928040117409;0.70211346771272398;0.95250533413661242
0.29000000000000004;0.14340124472375407;-9.6614070402731187;0.0015515130534805072;0.51133820416976983;0.91576624273692242;265.19938151954727;250;250;0.22509131999491064;0.90097369690086859;0.20225145563581556;0.89853067475186743;0.57696841020857048;0.6895639597518064;0.39730671851483129;0.68861086930427851;0.95290792803845292
0.30000000000000004;0.14426004509801657;-9.6524303199967143;0.0015500349037206309;0.51833746517654689;0.94712916637655353;266.07598649179357;250;250;0.22833879693345169;0.88906099713598474;0.20246314863395751;0.88667870442080188;0.57694799696488919;0.67586511368946822;0.38939505370905803;0.67492227333749644;0.95336162062230301
0.31;0.14514359442877267;-9.6407476201897211;0.0015481112880973524;0.52660007961996635;0.97848670337763044;266.97765557825971;250;250;0.23242682738427439;0.87642149503546329;0.20316651713215858;0.8741095828678187;0.57708431581597019;0.6619865340311244;0.38148469566042043;0.66105538689094145;0.95381523134002599
0.32000000000000001;0.1460648692709941;-9.6369153754105348;0.0015474803998859533;0.5369841099920114;1.0098537298686614;267.91761342154325;250;250;0.23797549640468771;0.86260425994156453;0.20474778673686836;0.86037339906914545;0.57752915621527046;0.64780547190340809;0.37359565735648692;0.64688622788289396;0.9542741032159614
0.33000000000000002;0.14704143411341589;-9.6301038519730291;0.0015463588377891248;0.54895527341605899;1.0412127845975274;268.91375180209332;250;250;0.24464846601525395;0.84816989460329817;0.2069793285987194;0.84602749393823762;0.57816382600769833;0.63350889545525291;0.3657477917700227;0.63260234438318652;0.95474490311884808
0.34000000000000002;0.148084413628639;-9.6158250586038712;0.00154400830929541;0.56231118350110487;1.0725583408136665;269.97737832151176;250;250;0.25233889501242857;0.83340076721174139;0.20978249142095806;0.83135218377898323;0.57893499797534831;0.61920099062658507;0.35796018697497306;0.61830807988259751;0.95523010761327132
0.35000000000000003;0.14918785735568171;-9.5974412755018363;0.0015409822367599953;0.5774205141712645;1.1038935451934635;271.10238150877774;250;250;0.26135456932135581;0.8182341309309733;0.21333985473900119;0.81628515350991704;0.57989039950487298;0.60487505585894041;0.35025186363807626;0.60399665857053564;0.95572377850767221
0.36000000000000004;0.15032118036451658;-9.5945073919279729;0.0015404994399255078;0.5960945354657684;1.135250967143641;272.25754904157566;250;250;0.27310143166045986;0.8019431780731997;0.21850970517762536;0.80010457597781093;0.58132198113669908;0.59028077764782327;0.34264106622463941;0.58941701388041379;0.9562099233738014
0.37;0.15152402013129113;-9.5822530554516483;0.0015384828389825211;0.61653284723512658;1.1665909802660481;273.48324866432432;250;250;0.28636166647746908;0.78572456873042951;0.22450715731577012;0.78399864087058013;0.58288562756060802;0.57582419567741916;0.33514540808384896;0.5749762770553144;0.95670289042348422
0.38;0.1527789863902938;-9.5737956331951786;0.0015370910515097908;0.64007870360274999;1.1979332386293629;274.76171647116178;250;250;0.30226738740925918;0.76915921386707831;0.23200555035217166;0.76755071839107958;0.58478229345595056;0.5613513267654402;0.32778212057524536;0.56051991355298436;0.95719215132985125
0.39000000000000001;0.15407616655862449;-9.5674754435105491;0.0015360511870179732;0.66685703389142692;1.2292773687715792;276.08282216638224;250;250;0.32109595206425001;0.75247729070007674;0.24113967555074869;0.75098945969427111;0.58699415725129156;0.54693036638899661;0.32056719298032932;0.54611649710696331;0.95767114321824443
0.40000000000000002;0.15544101435279961;-9.5517543176097988;0.001533464639130649;0.69598823450098246;1.260603470784021;277.4724501890546;250;250;0.34233321593202654;0.73621637334828871;0.25156279675358811;0.73484775956867199;0.5893434308128076;0.53277085824784054;0.31351648348032179;0.53197586854905254;0.95814598161865483
0.41000000000000003;0.15686976789449472;-9.5237275460585717;0.0015288544837937677;0.72731440509916889;1.2919073537418919;278.92672200621377;250;250;0.36601470949744463;0.7205368775722758;0.26326874857964955;0.71928461274447109;0.5917742506518483;0.51895267882798579;0.30664448529003802;0.51817814808985774;0.9586112431484114
0.42000000000000004;0.15832657276619935;-9.5036774972304521;0.0015255575097398904;0.76323124947546894;1.3232235590272268;280.40911201190227;250;250;0.39443142917889451;0.70488257941950017;0.27757998776512194;0.70374713379958731;0.59462308446126044;0.50521484766666547;0.29996455559656193;0.50446167233540118;0.9590523409383841
0.42999999999999999;0.1598044373445365;-9.487759528480451;0.0015229401978686173;0.80371444318819951;1.3545440715026997;281.91249448202348;250;250;0.4279858715496323;0.68953005016606284;0.2946723426336243;0.68850950982724668;0.59783196678429362;0.49165442988985547;0.29348995795290289;0.4909238285325721;0.95946565942892392
0.44;0.16133439280802042;-9.4726472249105385;0.0015204557985034806;0.84880978940361596;1.3858638714564726;283.46841487125454;250;250;0.46720371720114512;0.67467163499642679;0.31478383454506109;0.67376140847256416;0.60135433376192482;0.47834921654397183;0.2872321132048955;0.47764204409743261;0.95985750444374796
0.45000000000000001;0.16289683737897498;-9.4368073334841007;0.0015145650877974905;0.89614105534971178;1.4171489087960469;285.05691258722362;250;250;0.5102466173842729;0.66088439756932549;0.33680188454545046;0.66007666306938173;0.60479526272460626;0.46563535227175745;0.28120191141472173;0.46495389224430339;0.96022002668276052
0.46000000000000002;0.16444306131790576;-9.4212311616556654;0.0015120058672169838;0.95117609969514039;1.4484694167932144;286.62847002516276;250;250;0.5631335931132827;0.64728845014239622;0.36411092967130565;0.64658001959769307;0.60888612010609289;0.45297060639143233;0.27540857400967383;0.45231540827648753;0.96054152352209288
0.47000000000000003;0.16603933460417392;-9.3656952850909825;0.0015028833792863285;1;1.4797211455076655;288.25043993243594;250;250;0.61253318416022429;0.63510686715373066;0.38864040595834426;0.63448057347483244;0.61253318416022429;0.44119182917994709;0.26986101029171206;0.44056553550104927;0.96083472659360747
0.48000000000000004;0.16757951227034865;-9.3438626282073471;0.0014992985771153811;1;1.5110451782574676;289.81498221979894;250;250;0.61707658430079282;0.62252151298315772;0.38377480744755338;0.62192411316726137;0.61707658430079282;0.42933910765842198;0.26456646862275401;0.42874170784252541;0.96108052766135932
0.49000000000000005;0.16916017022933308;-9.287861346469068;0.0014901063871189703;1;1.5423716903747566;291.42021807241838;250;250;0.62126725863966537;0.61044964281203118;0.37890039567855449;0.6098830904242396;0.62126725863966548;0.41831180413740965;0.25953144736422212;0.41774525174961807;0.96129507378494194
0.5;0.17071595636214565;-9.2134716980315652;0.001477903708682847;1;1.5732889518737783;292.9997832895038;250;250;0.62537900851624006;0.59863084061024208;0.37403714716799552;0.59809674145511771;0.62537900851624006;0.40790478083623949;0.25476107300832068;0.40737068168111523;0.96146909795586666
