OmegaScattering;OmegaStorageRetrieval;sigma;Deltac;delta;tNoInteractionAbs;tNoInteractionArg;t_storage;t_retrieval;t_to_pass_ensemble;P_success;F_swap;F_CJ;F_CJ_conditional;P_success_tNoInteraction_one;F_swap_tNoInteraction_one;F_CJ_tNoInteraction_one;F_CJ_conditional_tNoInteraction_one;single_photon_storage_retrieval_eff
1;1;0.13349931716918939;-9.7680052903702883;0.0015690775018562734;0.52177171775001763;0.0053051738338308948;255.07745551928053;250;250;0.25634769989055251;0.99203496834441696;0.25365387167274905;0.98949150618884596;0.60084135299901764;0.90337430166363297;0.54213262700278031;0.90228913888300011;0.94673068960961182
1.0232929922807541;1.0232929922807541;0.13349931716918939;-9.7680052903702883;0.0016430135457836355;0.52177142907807872;0.0053072594332050473;243.59707888212557;238.74814650535902;238.74814650535902;0.25634745339025738;0.99203521369912473;0.25365369562686652;0.98949177092354434;0.60084124909606573;0.90337436074469846;0.542132574232841;0.90228920708831351;0.94673068960960693
1.0471285480508996;1.0471285480508996;0.13348891258239737;-9.7709685472062269;0.0017209673570746835;0.52178336549638504;0.0053087718527060831;232.62369051576411;228.00270983897741;228.00270983897741;0.2563557452354015;0.99202971963340669;0.25366051176056231;0.98948635431453169;0.6008409355091503;0.90337494033265819;0.54213263795327127;0.90228978405719007;0.94672324453218126
1.0715193052376064;1.0715193052376064;0.13348891258239737;-9.7709685472062269;0.0018020590336679998;0.52178304054107971;0.0053098629246531911;222.15389977549975;217.74089748902014;217.74089748902014;0.25635548901475042;0.99202997920469338;0.25366033044271458;0.98948663598975728;0.60084083981131187;0.90337501766167505;0.5421326042828023;0.90228987172884867;0.94672324453217571
1.0964781961431851;1.0964781961431851;0.1334954547882079;-9.7678435472062262;0.0018863508103047278;0.52177138510051702;0.0053036636836683668;212.16089766816583;207.94094277566771;207.94094277566771;0.25634713368433382;0.99203743625722351;0.25365406840548155;0.98949445917281642;0.6008399455352349;0.90337625478734374;0.54213265483764039;0.90229129881619741;0.94672792609899103
1.1220184543019633;1.1220184543019633;0.1334954547882079;-9.7678435472062262;0.0019752338744707543;0.52177102472983028;0.005305291906756637;202.61208431675101;198.58205868107041;198.58205868107041;0.25634684085024462;0.99203772285350478;0.25365385819872605;0.98949476949828385;0.60083983071538949;0.90337633078325463;0.54213260360105997;0.90229138596815428;0.94672792609899159
1.1481536214968828;1.1481536214968828;0.13352016448974602;-9.7669437078049803;0.0020681071610872833;0.52176122931718916;0.0053000854892737669;193.51222636011568;189.64439375729592;189.64439375729592;0.25634140737119726;0.99203347967087396;0.25364690819643909;0.98948863079753491;0.60084566738690759;0.90336844394748472;0.54213266545815997;0.9022827239745409;0.94674560076904124
1.1748975549395295;1.1748975549395295;0.13352016448974602;-9.7669437078049803;0.0021655524789592501;0.52176083936711515;0.0053017140879702204;184.80274147841237;181.10899001874751;181.10899001874751;0.25634109164816543;0.99203379022396398;0.25364668211539204;0.98948896754925453;0.60084554428945169;0.9033685277931518;0.54213261215335107;0.90228282011222471;0.94674560076904724
1.2022644346174129;1.2022644346174129;0.13352016448974602;-9.7669437078049803;0.002267588250812488;0.52176042712760851;0.0053036202996688203;176.48524798831991;172.95774272973412;172.95774272973412;0.25634075397980605;0.99203411904326377;0.25364643924829139;0.98948932352860708;0.6008454102569406;0.90336861266558488;0.54213254988934545;0.90228291776001468;0.94674560076907321
1.2302687708123816;1.2302687708123816;0.1334933149814605;-9.7692367521336685;0.0023749999821353878;0.52177488425054142;0.005302965751638803;168.52394408902805;165.17336200189897;165.17336200189897;0.25634964720866754;0.99203539675936558;0.25365601381699121;0.98949234601644009;0.60084017341382456;0.90337605576284752;0.54213271584166367;0.90229105813847343;0.94672639495593913
1.2589254117941673;1.2589254117941673;0.1334933149814605;-9.7692367521336685;0.0024869025695936414;0.5217743402300461;0.0053068063719934125;160.93911717211279;157.73933612004831;157.73933612004831;0.2563491932910541;0.99203578964765227;0.25365567241503334;0.98949276632611605;0.60083998823025586;0.90337613041460385;0.54213260158880894;0.90229114607640115;0.94672639495593525
1.288249551693134;1.288249551693134;0.13349452614784235;-9.7687936512044047;0.0026039531060036785;0.52177229472302689;0.0053052212855767269;153.69641078147069;150.63989651858941;150.63989651858941;0.25634774107280045;0.99203705209532911;0.25365457404719938;0.98949408715547749;0.60083986180328797;0.90337632021179581;0.5421326200744605;0.90229136670022081;0.94672726161934828
1.318256738556407;1.318256738556407;0.13348540425300592;-9.7717472520878896;0.0027274831513666928;0.52178374767246205;0.0053062293789122635;146.77355938877599;143.85998433428927;143.85998433428927;0.25635577415445293;0.99203135173148804;0.25366105654725457;0.98948836781193461;0.60083986200230444;0.90337651091941884;0.54213270954558834;0.9022915153114609;0.94672073365018428
1.3489628825916535;1.3489628825916535;0.13349359631538388;-9.7703138557484746;0.0028555581243458988;0.52177650192142078;0.0053062772664095419;140.17226952206744;137.38521846440617;137.38521846440617;0.25635088728173494;0.99203362635569803;0.25365673469457584;0.98949037151489094;0.6008406876448239;0.90337525359296944;0.542132642935094;0.90229016456949052;0.94672659627001043
1.3803842646028848;1.3803842646028848;0.13349318146705624;-9.7696203437855846;0.0029898762891762765;0.52177406717962138;0.00530508201992655;133.86325528842826;131.20186506244318;131.20186506244318;0.25634899362439306;0.9920361470576885;0.25365557903453961;0.98949317275729243;0.60083988867981897;0.90337633154907504;0.54213264558120999;0.90229136879110661;0.9467262994164487
1.4125375446227544;1.4125375446227544;0.13349171757698058;-9.770859452824892;0.0031311449060286642;0.52177798778600915;0.0053043520727039687;127.83766528448388;125.29680840681806;125.29680840681806;0.25635188811312615;0.99203333528674142;0.25365767359261027;0.98949017095077163;0.6008404652970275;0.90337566550858261;0.54213271022288112;0.90229061046159065;0.9467252518722471
1.4454397707459274;1.4454397707459274;0.13349537968635561;-9.7690711227467659;0.0032780436372928374;0.52177110940634064;0.0052997811014798965;122.08581686238847;119.65752308065962;119.65752308065962;0.25634694351640525;0.99203786860360965;0.25365400647528963;0.98949495163010093;0.60083987199947342;0.90337650889343679;0.54213275697708918;0.90229157924054071;0.94672787236118283
1.4791083881682074;1.4791083881682074;0.13349385857582091;-9.769998094182311;0.003432813814357403;0.52177367553580112;0.0053050337786709721;116.59033821646702;114.27204740371876;114.27204740371876;0.25634874883261427;0.99203614380726746;0.25365532548284164;0.98949312855226246;0.60084001365559425;0.90337615614390299;0.54213264321475807;0.90229117717434904;0.94672678393436249
1.5135612484362082;1.5135612484362082;0.13349093794822697;-9.7715810385754658;0.0035951309410379257;0.52177917054626899;0.0053017306170487742;111.34160350856622;109.1289580600415;109.1289580600415;0.25635275372308031;0.99203275250851508;0.25365838012799435;0.98948958590865577;0.60084054363706219;0.90337569894365244;0.54213279830076444;0.90229063940838161;0.94672469396128367
1.5488166189124815;1.5488166189124815;0.13349477648735053;-9.7692770567944631;0.0037635880812541245;0.52177033772668224;0.0053011878621687979;106.33204392772727;104.21734586758383;104.21734586758383;0.25634628555288508;0.9920388748747575;0.25365364759075704;0.98949609136594041;0.60083943817221541;0.90337701544301097;0.5421327053090218;0.90229214473373698;0.94672744074901738
1.5848931924611136;1.5848931924611136;0.13349140048027047;-9.771837481599146;0.003941945006201251;0.52177880279811484;0.0053011373304114578;101.54493776885636;99.526792638374303;99.526792638374303;0.2563525094439793;0.99203287721172817;0.25365816685589665;0.98948969684780308;0.60084060145868035;0.90337563728495718;0.54213281058115192;0.90229057301553595;0.94672502495576139
1.62181009735893;1.62181009735893;0.13349704146385205;-9.7721634474804908;0.0041277850232840068;0.52177756591138391;0.005302776757713382;96.976858143427847;95.047349080140293;95.047349080140293;0.25635201559747317;0.99203088557081642;0.25365702819471658;0.98948716125178326;0.60084218736418193;0.90337339919829396;0.54213276032461122;0.90228810780228086;0.94672906139084356
1.6595869074375607;1.6595869074375607;0.13349441409111035;-9.7706299391797078;0.00432153665318224;0.52177301250457297;0.005300101096043959;92.611204012852482;90.769513692525337;90.769513692525337;0.25634832289525583;0.9920366449460154;0.25365504101241199;0.98949366294881391;0.60084005988217271;0.90337629987264234;0.54213278094147876;0.90229133697875152;0.94672718143710843
1.6982436524617444;1.6982436524617444;0.13349187254905709;-9.7723931876233117;0.0045259459880273162;0.52177849518853636;0.0053025391214375425;88.442111100751006;86.684212613132914;86.684212613132914;0.25635230391477359;0.99203284975919936;0.25365794731827795;0.9894896337760577;0.60084067080463455;0.90337547876099955;0.54213276937058541;0.90229040028959984;0.94672536277060093
1.7378008287493754;1.7378008287493754;0.13348827242851269;-9.7743658629467962;0.0047401214472241465;0.5217850883831896;0.0053031126852408628;84.460340051202508;82.782780370647785;82.782780370647785;0.25635705175091461;0.99202868037889858;0.25366152646046725;0.98948526957992;0.60084122424231601;0.90337481984460699;0.54213281141129843;0.90228963915541727;0.94672278639714913
1.7782794100389228;1.7782794100389228;0.13349844813346878;-9.7691276875546453;0.0049606703968944933;0.52176540084797085;0.0052953730381021628;80.662292599862923;79.056941504209476;79.056941504209476;0.25634284013253728;0.9920416157982731;0.25365096056932096;0.9894989087199606;0.60083938738029474;0.90337719669384242;0.54213279668077674;0.90229237308245858;0.94673006784486691
1.8197008586099834;1.8197008586099834;0.13349284052848837;-9.7723483887722971;0.005196086759035691;0.52177630684840137;0.0052963951750158254;77.030157834998164;75.498793010050406;75.498793010050406;0.25635075267916763;0.99203456669251189;0.25365688631832761;0.98949148253833497;0.60084045261293695;0.90337599352880449;0.54213291929445895;0.9022909774746849;0.94672605544816035
1.8620871366628675;1.8620871366628675;0.13349308371543905;-9.7724671927502627;0.0054408984647369586;0.52177588788955398;0.0052958022718654118;73.563301429176136;72.100787578165139;72.100787578165139;0.25635044992925099;0.99203485761161048;0.25365666544761273;0.98949178953116057;0.60084042014126993;0.903376049848026;0.54213292868962437;0.90229104187457587;0.94672622946773555
1.9054607179632472;1.9054607179632472;0.13349158167839076;-9.7735157576611513;0.0056977947106308536;0.52177870639804058;0.0052977930762391143;70.251983976430822;68.855717583454165;68.855717583454165;0.25635247522621918;0.99203299464048911;0.25365816604839886;0.98948982577428712;0.60084066204302788;0.90337570049733751;0.54213290632663513;0.90229064138773529;0.94672515462253637
1.9498445997580451;1.9498445997580451;0.13349197268486046;-9.7734479991009717;0.0059661135634846004;0.52177750574151749;0.0052980649258095531;67.090229131367892;65.756699797384556;65.756699797384556;0.25635158570555566;0.9920338766671235;0.25365752813956371;0.98949077081549119;0.60084046743707809;0.90337592550116219;0.5421328841318388;0.90229089669066387;0.94672543442769297
1.9952623149688795;1.9952623149688795;0.13351829886436489;-9.7719957438519511;0.0062461483564822404;0.52176498068988075;0.005292161603415323;64.077440818209084;62.7971607877395;62.7971607877395;0.25634419380637652;0.99203133675077693;0.25364909587916074;0.98948640931866993;0.6008461152930975;0.90336828143685077;0.54213294520945443;0.90228251695527339;0.94674426671227896
2.0417379446695292;2.0417379446695292;0.1334891784191134;-9.7756699648907706;0.0065428418214603995;0.52178353503409491;0.0052978932097907843;61.18633001194479;59.970822975487266;59.970822975487266;0.25635597623483164;0.99202981515330968;0.25366077174407337;0.98948647685010716;0.60084115198508115;0.90337511508147128;0.54213294484659369;0.90228996974570552;0.94672343477957821
2.0892961308540396;2.0892961308540396;0.13348981261253384;-9.7756698695233393;0.0068509735075301271;0.52178245277436008;0.0052966430075035978;58.432640253083889;57.271691319194318;57.271691319194318;0.25635521222747193;0.99203052252045432;0.25366020628435582;0.98948722001905409;0.60084108774304024;0.90337524760464927;0.54213297755841061;0.90229012066209235;0.94672388863789336
2.1379620895022322;2.1379620895022322;0.13348946928977995;-9.7760479060223631;0.0071738899598962208;0.52178282023466682;0.0052948503580415879;55.802661333824688;54.694040598738809;54.694040598738809;0.25635546914803237;0.99203043504266819;0.25366044225814721;0.98948714884514943;0.60084107374204065;0.90337532753267669;0.54213301646045919;0.90229020643354585;0.94672364294111766
2.1877616239495525;2.1877616239495525;0.13349137663841276;-9.775473817925743;0.0075112654612079699;0.52177942883579009;0.0052937831082359617;53.291535792466298;52.232403271350996;52.232403271350996;0.25635304925289892;0.99203255808149693;0.25365861739991447;0.98948937076880128;0.60084082580845632;0.9033756657423897;0.54213302719749124;0.90229059662853084;0.94672500789429215
2.2387211385683399;2.2387211385683399;0.13349201560020474;-9.7754865971615832;0.0078649748472117437;0.52177838782548469;0.0052895437693230504;50.893152088129426;49.881557874221983;49.881557874221983;0.25635232900874422;0.99203331519913363;0.25365811117701614;0.98949017610978607;0.60084078618265946;0.90337585681734489;0.54213312040001993;0.90229081125529309;0.94672546513788769
2.2908676527677732;2.2908676527677732;0.1334912765026095;-9.7762235013058731;0.0082359566310926044;0.52177971001686063;0.005291171629157182;48.602438756335417;47.636517949081181;47.636517949081181;0.25635327721342643;0.99203246232369702;0.253658819901802;0.98948928080454701;0.60084088879614184;0.90337571165008035;0.54213311258769881;0.90229064415693938;0.94672493623598741
2.344228815319922;2.344228815319922;0.1334963309764865;-9.7738250104001096;0.0086215799582803655;0.52176984640071689;0.0052851109619957738;46.415910217541182;45.492521465249588;45.492521465249588;0.25634616481822992;0.99203904643048169;0.25365356596805994;0.98949623899355288;0.60083996487518487;0.9033769904379747;0.54213316026947467;0.90229211098182249;0.94672855303174486
2.3988329190194904;2.3988329190194904;0.13348407149314909;-9.7764315215161357;0.0090299863512506295;0.52178011367796695;0.0052870285604156332;44.3246692264225;43.445020718734391;43.445020718734391;0.25635301063519028;0.99203617344777362;0.25365971665622994;0.98949380788512331;0.60083854650918245;0.90337903962728872;0.54213320605040216;0.90229431716747699;0.94671977974282506
2.4547089156850306;2.4547089156850306;0.13349127173423797;-9.7770634022763296;0.0094557597314602806;0.52177877660617866;0.0052864130808818466;42.330953729746177;41.489672685939006;41.489672685939006;0.25635259758386869;0.99203349874992941;0.25365844341337851;0.98949043545537407;0.60084066901247735;0.90337619483938425;0.54213323639586297;0.90229118026730104;0.94672493282369763
2.5118864315095801;2.5118864315095801;0.13349254965782192;-9.7775025692990347;0.0099013881450788054;0.5217784459021777;0.0052853682320863071;40.425954304486851;39.622329811527834;39.622329811527834;0.25635245432232528;0.9920331402784569;0.25365818146327163;0.98948996659237753;0.6008410218682001;0.90337574481793481;0.5421332568311602;0.90229068439019133;0.94672584730556153
2.5703957827688639;2.5703957827688639;0.13348922133445773;-9.7794907895138827;0.010369678589321713;0.52178420933049363;0.0052855287661039106;38.605970952145952;37.839031210905198;37.839031210905198;0.25635659729125326;0.99202960252386541;0.25366133583013917;0.98948628008955841;0.60084145112454568;0.90337526584443029;0.54213330815491689;0.90229012519068119;0.94672346549204034
2.6302679918953817;2.6302679918953817;0.13349321842193634;-9.777839031558333;0.010855945837709487;0.52177651174195994;0.0052819139264508892;36.869007471860883;36.13599426864819;36.13599426864819;0.25635106060725027;0.99203469284681856;0.25365723293970754;0.98949164609983853;0.60084075772401335;0.90337623288649738;0.54213334754662668;0.90229123203996586;0.94672632586045435
2.6915348039269156;2.6915348039269156;0.13349354267120397;-9.778199138980213;0.011367387487125489;0.52177607106807233;0.0052797009764431026;35.209674608333216;34.509606615072123;34.509606615072123;0.25635075247227346;0.99203501434760077;0.25365701507531385;0.98949198560573381;0.60084075170036377;0.9033763017203249;0.54213338886239837;0.90229130984903227;0.9467265578839712
2.7542287033381663;2.7542287033381663;0.13349575042724637;-9.7781317142060384;0.011902363792241528;0.52177357140056813;0.0052796230407846714;33.625276137726274;32.956418463910182;32.956418463910182;0.25634901458848619;0.99203613982422589;0.25365557898991009;0.98949309166294308;0.6008408234320497;0.90337615730209431;0.54213336633207598;0.90229116463053871;0.94672813763709829
2.8183829312644537;2.8183829312644537;0.13349341869354275;-9.7802477267792813;0.012465335288734485;0.52177908920280514;0.0052797949832087254;32.111588915541866;31.473135294854185;31.473135294854185;0.25635306373394179;0.99203226344665074;0.2536585283758867;0.989488967602698;0.60084153978086607;0.90337529701471919;0.54213342277674237;0.9022901828233526;0.94672646916935077
2.8840315031266059;2.8840315031266059;0.13349645137786886;-9.7782720950654145;0.013049291994330602;0.52177054167058778;0.0052731357026831148;30.666702582229149;30.056610865435321;30.056610865435321;0.2563467987960405;0.99203875226023142;0.25365411798084436;0.98949594522793893;0.600840286754869;0.90337707410428492;0.5421334998099091;0.90229219271890948;0.94672863918053474
2.9512092266663861;2.9512092266663861;0.133494510650635;-9.779958739619552;0.013665822291310709;0.52177440333082226;0.0052743748155691574;29.286245502152902;28.703840537422064;28.703840537422064;0.2563495910210819;0.99203621956667754;0.25365619509327025;0.98949327004157328;0.60084066611268427;0.90337660494946848;0.54213351699770607;0.90229165163736103;0.9467272505303469
3.0199517204020161;3.0199517204020161;0.13350829124450703;-9.7830917504838091;0.01431360196657638;0.52177844481325386;0.0052735598350343313;27.969694115618026;27.411954903579627;27.411954903579627;0.25635384230276337;0.99202497642433007;0.25365701997650475;0.98948007838683549;0.60084650836376763;0.90336882933428275;0.5421336124799877;0.9022830372374675;0.94673710939468958
3.0902954325135905;3.0902954325135905;0.13349337577819845;-9.7819181588700381;0.014985276969904081;0.52177684644121403;0.0052720473085070621;26.709251692289865;26.17821370127249;26.17821370127249;0.25635139239242255;0.99203463897202449;0.25365755093039166;0.98949160588951612;0.60084096514678365;0.9033763442955598;0.54213360452571668;0.90229134824932433;0.94672643846039073
3.1622776601683795;3.1622776601683795;0.13349225997924824;-9.7832161096146706;0.015692473979829598;0.52177925427921024;0.0052683976704725223;25.507023122218889;24.999999999999996;24.999999999999996;0.25635317545145392;0.99203315902825451;0.25365891838717647;0.98949005777075827;0.60084126824631512;0.90337614908316244;0.5421337390357468;0.90229111695020736;0.94672564001441173
3.2359365692962827;3.2359365692962827;0.13349045753479016;-9.7847870019486489;0.016433465842853934;0.52178240605675463;0.005268090585207023;24.358841764933061;23.874814650535896;23.874814650535896;0.25635545402879745;0.99203121911428505;0.25366065473422023;0.98948803603657876;0.60084152055915252;0.90337589374979266;0.54213378678454527;0.90229081751878115;0.94672435016624734
3.3113112148259112;3.3113112148259112;0.13349332332611097;-9.7840865043213903;0.017205284062102848;0.52177720791195181;0.0052638640479423585;23.262780841993518;22.800270983897743;22.800270983897743;0.25635172336224871;0.99203465755832609;0.25365789139141498;0.9894916564807833;0.60084110389986367;0.90337652757310805;0.54213384735551251;0.9022915440316891;0.94672640092711735
3.3884415613920256;3.3884415613920256;0.13349313020706188;-9.7850433734467543;0.018016420140413273;0.52177769435679866;0.0052640039593394332;22.215766016085922;21.774089748902014;21.774089748902014;0.25635208277779653;0.99203429057586678;0.25365814631487815;0.9894912636022799;0.60084117273702631;0.90337643473729634;0.54213384620931182;0.90229143875030471;0.94672626273609661
3.4673685045253166;3.4673685045253166;0.13349506974220288;-9.7849129048398016;0.018863566190696401;0.52177422228503212;0.0052612565616151213;21.216056981718836;20.794094277566771;20.794094277566771;0.25634959562682635;0.99203654433458843;0.25365629319636934;0.98949363495631293;0.60084090572130533;0.90337683020726545;0.54213387907853805;0.90229189443703084;0.9467276505850748
3.548133892335755;3.548133892335755;0.13349439740180985;-9.7861787167599683;0.019753347998294996;0.52177578283520931;0.0052583397378745522;20.261122451638581;19.858205868107031;19.858205868107031;0.25635076004377189;0.99203558665894853;0.2536571881312214;0.98949263145507915;0.60084112420287061;0.9033767046881378;0.54213398632423659;0.90229174483267915;0.9467271694950472
3.630780547701014;3.630780547701014;0.13349277138710042;-9.7880100575497639;0.020686238133805122;0.52177916008890213;0.0052567019767705177;19.349095459167579;18.96443937572959;18.96443937572959;0.25635323375145047;0.99203339446402716;0.25365904410135581;0.9894903231347304;0.60084150623670385;0.9033763322568944;0.54213407161289606;0.9022913130760315;0.94672600597178025
3.715352290971726;3.715352290971726;0.13349204897880573;-9.789209100346854;0.021661651878878359;0.52178020212143361;0.0052548539406239124;18.478189136603049;18.110899001874746;18.110899001874746;0.25635398256710196;0.99203291051064757;0.25365966139323137;0.98948984077840363;0.60084155220325886;0.90337637350793776;0.54213413642845376;0.90229135192210386;0.94672548902349796
3.8018939632056115;3.8018939632056115;0.13349058032035849;-9.7912075248768851;0.022684843472805086;0.52178386284108569;0.0052520049122053401;17.646429616139578;17.295774272973414;17.295774272973414;0.25635669338963085;0.99203040643216678;0.25366166318020184;0.98948718610076269;0.60084207226349617;0.9033758625285514;0.54213425371975843;0.90229076615328674;0.94672443803486728
3.8904514499428058;3.8904514499428058;0.13348729968071008;-9.7940678325703701;0.023758389837303495;0.5217905687836375;0.0052501386073495792;16.851987570570291;16.517336200189902;16.517336200189902;0.2563615823022749;0.99202599731027186;0.25366531194195152;0.98948254907732536;0.60084279422369968;0.90337507395107408;0.54213436125130199;0.90228986094732133;0.94672209022143028
3.9810717055349722;3.9810717055349722;0.13349628329277063;-9.7915775981953708;0.024868675294875103;0.5217769630056126;0.0052439031994154523;16.094103439837586;15.773933612004832;15.773933612004832;0.25635193789217697;0.99203396930891197;0.25365788013965829;0.98949078452587391;0.60084221008962957;0.90337588877013064;0.54213441520277939;0.90229082793951421;0.94672851891334686
4.0738027780411272;4.0738027780411272;0.13349555850029021;-9.7920384136250611;0.026038747805758065;0.52177515948645992;0.0052401892904176154;15.369704756508884;15.063989651858945;15.063989651858945;0.25635051532333453;0.99203617814236966;0.25365710979556799;0.98949327047628777;0.60084148971602414;0.90337697536519146;0.54213449196295815;0.90229203748760312;0.94672800030811766
4.1686938347033538;4.1686938347033538;0.13349540114402803;-9.7931875434926194;0.027265686908959912;0.52177503610080533;0.005238459713474918;14.677944822484649;14.385998433428925;14.385998433428925;0.256350423123198;0.99203642142052739;0.25365709090726868;0.98949355268028971;0.60084141749591002;0.9033771375675167;0.54213453439195836;0.902292216557539;0.94672788771487615
4.2657951880159271;4.2657951880159271;0.13349340796470677;-9.79556333694965;0.02855391945114262;0.5217792423375549;0.0052350698534094743;14.017216356467035;13.738521846440612;13.738521846440612;0.25635351273672746;0.9920337552466526;0.25365942971089062;0.98949075049888768;0.60084191034427814;0.90337672096514665;0.5421346865852531;0.90229172974071292;0.94672646149211293
4.3651583224016601;4.3651583224016601;0.13349205374717749;-9.7976576057484799;0.029901948598639309;0.52178215677984996;0.0052317541492540483;13.386264943795894;13.120186506244311;13.120186506244311;0.25635566644114882;0.99203189497391364;0.25366105995902533;0.98948879687532831;0.6008422717498445;0.90337643312046667;0.54213481071348535;0.90229139360420785;0.94672549243576487
4.4668359215096318;4.4668359215096318;0.13348925471305878;-9.8006192413380777;0.031316268905377233;0.52178780605508113;0.0052328588017851278;12.783640169817147;12.529680840681804;12.529680840681804;0.25635975766475083;0.99202813797252276;0.25366409246464011;0.98948483480922966;0.60084284345455241;0.90337571536741412;0.5421348329465383;0.90229057207293717;0.94672348937951312
4.5708818961487507;4.5708818961487507;0.13349731326103237;-9.7994549957326083;0.032783064837322115;0.52177781571765425;0.0052233088078216649;12.20867642433798;11.965752308065953;11.965752308065953;0.25635282100958728;0.99203341895946584;0.25365859998759971;0.98949018383578924;0.60084294013916972;0.90337581735196226;0.54213501664993313;0.90229073262367299;0.94672925586120737
4.6773514128719826;4.6773514128719826;0.13349413275718719;-9.8008146492055079;0.034327417713595459;0.52177808349760091;0.0052229303464992509;11.659046650917304;11.427204740371872;11.427204740371872;0.25635277311202476;0.99203486448845557;0.25365900928619028;0.98949196533693318;0.60084193188308299;0.90337718085040342;0.54213501131201214;0.90229223784851531;0.94672698012743928
4.786300923226384;4.786300923226384;0.13349329352378875;-9.8031145540288076;0.035947753126870208;0.52178071815012583;0.0052180756483582186;11.134265610360657;10.912895806004148;10.912895806004148;0.25635477198887135;0.99203303144696464;0.25366048717092915;0.98949001496231492;0.6008424107724587;0.90337680328765257;0.54213518191218424;0.90229180262957986;0.94672637960141448
4.8977881936844625;4.8977881936844625;0.13349161505699186;-9.8056864229252909;0.03764534682769434;0.52178422545505465;0.0052145750783972331;10.633069481650397;10.421734586758383;10.421734586758383;0.25635734062527771;0.99203087460083539;0.25366245002913795;0.98948775724710403;0.60084280980961702;0.90337649746166915;0.54213532624914018;0.90229144361554581;0.94672517850849491
5.0118723362727238;5.0118723362727238;0.13349324584007294;-9.806612631421384;0.039415977190920548;0.52178155967558992;0.005206107871840485;10.154568981641869;9.9526792638374264;9.9526792638374264;0.25635549268848445;0.99203274807958253;0.25366113095795872;0.98948974448618565;0.60084270335622403;0.90337693895519078;0.54213552921241459;0.90229194127534662;0.94672634548018697
5.1286138399136485;5.1286138399136485;0.13349119305610685;-9.8096272316983324;0.041278553248126577;0.52178600278513154;0.0052018159167238533;9.697458198935097;9.5047349080140311;9.5047349080140311;0.25635877236061588;0.99202987060897774;0.25366360041504749;0.98948671847368208;0.60084325368257196;0.9033764660335144;0.5421356957925102;0.9022913920889637;0.94672487652059023
5.2480746024977254;5.2480746024977254;0.13349379897117641;-9.8101460782101739;0.043217479801755491;0.521781101977288;0.005196452237842708;9.2610975387801187;9.0769513692525354;9.0769513692525354;0.25635526288074584;0.99203320643734116;0.25366103210476965;0.98949024589665036;0.60084284366601282;0.90337715339147318;0.54213579642873622;0.9022921753064771;0.94672674128347334
5.3703179637025267;5.3703179637025267;0.133495868444443;-9.811126264672577;0.045249207294524446;0.52177768415306514;0.0051880092163344013;8.8443529433581745;8.6684212613132932;8.6684212613132932;0.25635287533033974;0.99203553365579378;0.25365930109660606;0.98949270910161358;0.60084268328484935;0.903377653716254;0.54213599309252147;0.90229274346593646;0.94672822208132512
5.4954087385762458;5.4954087385762458;0.13349482893943809;-9.8137585965207226;0.047384172176096806;0.52177981160150733;0.005182967138256514;8.4462562527529332;8.2782780370647764;8.2782780370647764;0.25635446305610948;0.99203429759932837;0.25366054339243782;0.98949142670833068;0.60084294943907846;0.90337755218178495;0.54213615660807601;0.90229261592266563;0.94672747828073911
5.6234132519034912;5.6234132519034912;0.13346853017807037;-9.8178187159112102;0.049626764713634863;0.52179299791519052;0.0051826518322347706;8.0652607650895298;7.9056941504209473;7.9056941504209473;0.25636240026703017;0.99203645342868296;0.25366941203415627;0.98949538532144787;0.60083752312127303;0.90338516259694912;0.54213626920004709;0.90230095215045736;0.9467086536935807
5.7543993733715695;5.7543993733715695;0.13349246263504055;-9.8196859386971589;0.051962977726892096;0.52178533340513944;0.0051731546253436546;7.7030041010595252;7.5498793010050393;7.5498793010050393;0.25635857699233844;0.99203084915493278;0.25366368652168181;0.98948780843506878;0.60084371956009419;0.90337705879547259;0.54213650187175255;0.90229203405617031;0.94672578503307991
5.8884365535558896;5.8884365535558896;0.13348860979080224;-9.8238695171883705;0.054421736604387497;0.5217920801715854;0.0051703383986174759;7.3561980580357265;7.2100787578165146;7.2100787578165146;0.25636343941534018;0.99202680556641587;0.25366742064378478;0.9894836066417898;0.6008442458907457;0.90337657121776294;0.54213663146527014;0.90229145934743515;0.94672302783612416
6.0255958607435778;6.0255958607435778;0.13349044084548981;-9.824288370948139;0.056973715254337476;0.52178537708883377;0.0051599583148496265;7.025166232427714;6.8855717583454163;6.8855717583454163;0.25635853867092578;0.99203239354790052;0.25366412593973225;0.98948967042345248;0.60084313320864868;0.90337841350855053;0.54213686766110736;0.90229352337932933;0.94672433822292035
6.1659500186148222;6.1659500186148222;0.13349641561508208;-9.825821044783897;0.059651560673819416;0.52178056628481762;0.0051511343066437867;6.7091425413168002;6.5756699797384544;6.5756699797384544;0.25635541089394348;0.99203388404838777;0.25366136623944185;0.98949097799376595;0.60084393758421473;0.90337759624894909;0.54213706432908459;0.9022926427598319;0.9467286135918429
6.3095734448019334;6.3095734448019334;0.13348526716232334;-9.8290274885705173;0.062465350766340605;0.5217853680532567;0.0051439828191658047;6.4068947176306761;6.2797160787739488;6.2797160787739488;0.25635822006305758;0.99203578918319346;0.25366486105418035;0.98949376771216957;0.60084147176557967;0.9033813280518822;0.54213729861256321;0.90229673564224255;0.94672063553074259
6.4565422903465564;6.4565422903465564;0.13349063634872466;-9.8341040876916104;0.065423738722569472;0.52179081669776117;0.0051398236210231756;6.1186688026867877;5.997082297548725;5.997082297548725;0.25636288407345831;0.99202795993252124;0.25366718976248426;0.98948484949092075;0.60084484240919778;0.90337708039428821;0.54213750037826136;0.90229200970497048;0.94672447813018423
6.6069344800759611;6.6069344800759611;0.13349177122116113;-9.8367146757653394;0.068503594840902793;0.52178953587757126;0.0051303886841022207;5.8433099569659674;5.7271691319194318;5.7271691319194318;0.25636206843632653;0.99202885883618863;0.25366662588155275;0.98948579806983716;0.60084495499438539;0.90337730561948182;0.54213775221966565;0.90229225978061456;0.9467252902601897
6.7608297539198192;6.7608297539198192;0.13349519491195699;-9.8381156233361384;0.07171830760315645;0.52178348095358007;0.0051195418669384377;5.5803943625836965;5.4694040598738791;5.4694040598738791;0.25635778131581977;0.9920330094327412;0.25366350992060177;0.98949019069603039;0.60084455037999351;0.90337819113064655;0.5421379917033543;0.90229326597118786;0.94672774014873606
6.9183097091893639;6.9183097091893639;0.1334871745109561;-9.8411728409341013;0.075095712336314568;0.52178496798516849;0.0051152362540127123;5.3290637052866128;5.2232403271351009;5.2232403271351009;0.25635828866341448;0.9920361499192345;0.2536650249970932;0.9894941424349365;0.60084223471563314;0.90338152227248558;0.54213810795456707;0.90229693691747626;0.94672200063872758
7.0794578438413787;7.0794578438413787;0.13347219228744533;-9.8472882059624833;0.078655814792957926;0.52179779734842147;0.0051059781792871508;5.0889103143446714;4.9881557874221993;4.9881557874221993;0.2563669648521491;0.99203276371905813;0.25367289468038196;0.98949135208071426;0.60084067094022009;0.90338429593662117;0.54213849249925594;0.90229992528783953;0.94671127582309489
7.2443596007499007;7.2443596007499007;0.13350775957107569;-9.8492505816033535;0.082347666750834381;0.52178307892522779;0.0050927353976301061;4.860565390721395;4.7636517949081183;4.7636517949081183;0.25635871502820934;0.99202748737788216;0.25366270419603293;0.98948344380693376;0.6008489535077044;0.90337337842337895;0.54213876131158234;0.90228793467413559;0.94673672909476048
7.4131024130091747;7.4131024130091747;0.13349491834640531;-9.852863910537069;0.086226043437635291;0.52178648007073991;0.0050821362766098185;4.6415647074273743;4.5492521465249585;4.5492521465249585;0.25636034056643359;0.99203172818936913;0.25366571580501585;0.98948891721916143;0.60084555609438517;0.90337849514392521;0.54213907839214226;0.90229356428323004;0.94672754225525624
7.5857757502918375;7.5857757502918375;0.13349460363388091;-9.8571494844964178;0.090291720084688429;0.52178770301106248;0.0050740550232301548;4.4326542845510488;4.3445020718734391;4.3445020718734391;0.25636132126275674;0.9920310331091784;0.2536665016103013;0.98948819720860548;0.60084585073021834;0.9033784694496062;0.54213932023658673;0.90229352433359644;0.94672731706435487
7.7624711662869172;7.7624711662869172;0.13350900888443018;-9.8615752485802819;0.094548527917564518;0.52178497484354924;0.0050601367403694236;4.2333967062250366;4.1489672685939016;4.1489672685939016;0.25636051362761181;0.99202620357462479;0.25366412883906053;0.98948205887717933;0.60085014069681242;0.90337318483493445;0.54213968696841763;0.90228769246802931;0.94673762270563111
7.9432823472428158;7.9432823472428158;0.13347299814224267;-9.8668250111153775;0.09901248641939267;0.5217979676730804;0.0050538055268322148;4.0422782211208688;3.9622329811527832;3.9622329811527832;0.25636756147443607;0.99203402758362358;0.25367387125193069;0.98949285858548852;0.60084139336188724;0.90338556277616766;0.54213996698209899;0.90230129443756157;0.94671185279336789
8.1283051616409931;8.1283051616409931;0.13349386930465723;-9.8710369852593587;0.10367365476524081;0.52179167928589232;0.0050365544967433959;3.8606691109981126;3.7839031210905203;3.7839031210905203;0.25636459427423919;0.9920290985805057;0.25366923688342052;0.98948623385983103;0.6008469682967319;0.90337864782100863;0.54214042128484452;0.90229367857458376;0.9467267916114972
8.3176377110267108;8.3176377110267108;0.13349075078964262;-9.8776750353387044;0.10857920378786859;0.52179862236942598;0.0050272909272615577;3.6868642344194074;3.6135994268648184;3.6135994268648184;0.25636972843315425;0.99202471056047803;0.253673136800458;0.98948163010829349;0.60084786059875606;0.90337797737930892;0.54214075617547974;0.90229289596741913;0.94672456002676231
8.5113803820237663;8.5113803820237663;0.13349141359329253;-9.8823693302682099;0.11369113880190225;0.52179794510301747;0.0050122182643953855;3.5209373754336353;3.4509606615072106;3.4509606615072106;0.25636938731967324;0.99202549119991312;0.25367302109596346;0.98948249534821564;0.60084802663946479;0.90337838967073547;0.54214117645394311;0.90229334609973122;0.94672503433955857
8.7096358995608067;8.7096358995608067;0.13349312543869046;-9.8869188812783442;0.11903902744570122;0.52179572610767311;0.0049987702668011277;3.3624921902794922;3.2956418463910175;3.2956418463910175;0.25636791866296993;0.9920271230082901;0.25367201198639866;0.98948422762633026;0.60084809989078036;0.90337881680088272;0.54214152875994148;0.90229382244612188;0.94672625932396859
8.9125093813374558;8.9125093813374558;0.13349169015884432;-9.8933650997689426;0.12465972201231777;0.52179945501150549;0.0049862543165224774;3.2111366152918874;3.1473135294854178;3.1473135294854178;0.2563707450717938;0.99202488587235571;0.25367421035016446;0.98948189380627571;0.60084871050981059;0.90337856919019721;0.54214189962943549;0.90229352272294416;0.94672523225174521
9.1201083935590965;9.1201083935590965;0.13349854350090057;-9.8951923934033594;0.13047971243292669;0.52178604810081897;0.0049670617038069147;3.0666960066547713;3.0056610865435327;3.0056610865435327;0.25636117014831039;0.99203423942328162;0.25366728463809862;0.98949183486464309;0.60084754287810238;0.903380685249913;0.54214229120830448;0.90229592786783219;0.94673013607763346
9.3325430079699103;9.3325430079699103;0.13353757977485681;-9.9028836337140298;0.13665047122421972;0.52178090106463992;0.0049488622456562888;2.9291307560423361;2.8703840537422072;2.8703840537422072;0.25636059477784245;0.9920183974191511;0.25366165836444404;0.98947210894194848;0.60085966744627961;0.90336500166755906;0.54214282645608647;0.90227861151049427;0.94675805071291375
9.5499258602143584;9.5499258602143584;0.13349405884742754;-9.9107762423566061;0.14311176633433798;0.52179840610087025;0.0049363113893784744;2.7968096614660487;2.7411954903579625;2.7411954903579625;0.25637051789991522;0.9920263800226482;0.25367441126285389;0.98948355427470069;0.6008496182441615;0.90337948377140165;0.54214331239972469;0.90229451086947199;0.94672692724077334
9.7723722095581067;9.7723722095581067;0.13349954247474694;-9.914458474259682;0.14980848692074644;0.52178875246202727;0.0049120544807526555;2.6709912714847421;2.6178213701272486;2.6178213701272486;0.25636374143496804;0.99203315462149422;0.25366955299027477;0.98949075860099078;0.6008490382991315;0.90338106367081406;0.54214386516823021;0.90229630175146414;0.94673085080552277
10;10;0.13349867939949067;-9.9247483101895568;0.15692079577114881;0.52179955919536414;0.0049027413165901668;2.5507680264847901;2.5;2.5;0.25637204289608462;0.99202398329673036;0.25367520079925721;0.98948074810980646;0.60085177656496214;0.90337802853870708;0.54214427895679851;0.90229287838043637;0.94673023330905681
10.232929922807541;10.232929922807541;0.13349497437477142;-9.9306983557751884;0.16429115770548675;0.52179749702262002;0.0048788632238221203;2.4359283334266646;2.38748146505359;2.38748146505359;0.25637032994094389;0.99202876810815799;0.25367493205397285;0.9894863111203549;0.60085011773895802;0.90338123719139252;0.54214491219279026;0.90229642332919957;0.94672758234587318
10.471285480508996;10.471285480508996;0.13349819779396088;-9.9375707713177874;0.17201798382040551;0.52179514130608173;0.0048579476685849743;2.3263235925405095;2.2800270983897741;2.2800270983897741;0.2563689406690523;0.99202995371268166;0.25367385987716223;0.98948749101643652;0.6008507314019329;0.9033812474680194;0.54214547480782427;0.90229643815672023;0.94672988873292296
10.715193052376065;10.715193052376065;0.13352173447608984;-9.9467820254376562;0.18014485789161486;0.52179314652969389;0.0048363429640295918;2.2218316326813388;2.1774089748902012;2.1774089748902012;0.25636953063366197;0.99201971666249922;0.25367121014631877;0.98947487838873116;0.60085843233380376;0.90337172829200718;0.54214610148243092;0.90228591679519687;0.94674672337048416
10.964781961431852;10.964781961431852;0.13349649786949197;-9.9550185648015148;0.18862934674367082;0.52180053284048356;0.004818111354526023;2.1216178580916565;2.0794094277566768;2.0794094277566768;0.25637324396263761;0.99202729443764281;0.2536774266789617;0.98948479473907669;0.60085192870806803;0.90338144217783922;0.54214665299613574;0.9022966010308755;0.94672867244581171
11.220184543019636;11.220184543019636;0.13350315928459205;-9.9660835472157583;0.19756263684799846;0.52180675904672136;0.0047953538761734424;2.0261834912206229;1.9858205868107033;1.9858205868107033;0.25637874032562125;0.99201873202224911;0.25368036717883385;0.98947505107732314;0.60085608339565078;0.90337693292901489;0.5421473800332528;0.90229157200071231;0.94673343833447454
11.481536214968829;11.481536214968829;0.13349785685539278;-9.97283317719012;0.20681823889634324;0.52180190307739294;0.0047681587155595142;1.9349490366143103;1.8964439375729591;1.8964439375729591;0.25637477364294359;0.99202709466694006;0.25367890463207904;0.98948465571492183;0.60085313528690953;0.90338196041013719;0.54214806606324162;0.90229714088845347;0.94672964479765032
11.748975549395297;11.748975549395297;0.13349665284156836;-9.9832947579434386;0.21658044320308767;0.52180569059828064;0.004746838898704234;1.8478530554553894;1.8110899001874747;1.8110899001874747;0.25637774255486084;0.99202501386450037;0.25368129168271841;0.98948250793820203;0.60085391968336732;0.90338189559639703;0.54214871101026951;0.90229703635114211;0.94672878332986254
12.022644346174131;12.022644346174131;0.133497444391251;-9.9930756417324993;0.22677663706880369;0.52180591695710055;0.004717538390542125;1.7646915738712128;1.7295774272973408;1.7295774272973408;0.25637819611621354;0.99202545934370578;0.25368187880434434;0.98948304749501015;0.60085446749478189;0.90338241982615619;0.54214954384523983;0.90229759979266211;0.94672934968412081
12.302687708123818;12.302687708123818;0.13349312424659771;-10.006428369622514;0.23752833466308609;0.52181647425859157;0.0046970808601886601;1.685238150876903;1.6517336200189894;1.6517336200189894;0.25638609691275532;0.99201869965623801;0.25368787398915199;0.98947593899944775;0.60085602808724814;0.9033813603368589;0.54215020753988286;0.90229636085328446;0.94672625847093772
12.589254117941675;12.589254117941675;0.13349725842475935;-10.015356382470413;0.24866392168436785;0.5218101494171461;0.004666112027015272;1.6094166423377214;1.5773933612004827;1.5773933612004827;0.25638181958628287;0.99202343836978124;0.25368493950236959;0.98948100107774739;0.60085595166901218;0.90338267133419903;0.54215102000668913;0.90229782779174117;0.94672921662609699
12.882495516931343;12.882495516931343;0.13349646687507671;-10.027590641122146;0.26039552398123833;0.52181382756426176;0.0046343699003899798;1.5369760787568088;1.5063989651858936;1.5063989651858936;0.25638481196466972;0.9920216142617273;0.25368742480260814;0.98947914604850584;0.60085692091685661;0.90338279027551072;0.54215195153944962;0.90229792262719022;0.94672865026897579
13.182567385564074;13.182567385564074;0.13349107384681752;-10.041321739297196;0.27270702830980365;0.52182137328631573;0.004607585468963853;1.4677689916016887;1.4385998433428919;1.4385998433428919;0.25639036491648426;0.99201848621414901;0.25369214350293945;0.9894761200779767;0.60085734201115448;0.90338350839153125;0.54215277548744256;0.90229866156379246;0.94672479121265374
13.48962882591654;13.48962882591654;0.13349564552307186;-10.053325059752748;0.28553322375844237;0.52181941152391254;0.0045746925898456732;1.4017342231133048;1.3738521846440606;1.3738521846440606;0.25638947980723537;0.99201900624619166;0.25369137080713927;0.98947652219535431;0.60085861634507043;0.9033831443102871;0.54215367995652608;0.90229825321364721;0.94672806257543074
13.803842646028853;13.803842646028853;0.13349731445312557;-10.066098621230408;0.29896751629029639;0.52181907244997006;0.0045368861242042766;1.3386547567097251;1.3120186506244307;1.3120186506244307;0.25638963629119838;0.99201977340235237;0.25369174783507603;0.98947738880889013;0.60085937482893048;0.90338371303658072;0.54215473198456798;0.90229886508623391;0.94672925671416086
14.125375446227547;14.125375446227547;0.13350121974945123;-10.07797692094354;0.31298548321138042;0.52181325234004106;0.0045018769665997509;1.2784254041907008;1.2529680840681798;1.2529680840681798;0.25638575390310497;0.9920242335679621;0.25368913427909873;0.98948217838567831;0.60085938432279584;0.90338502801921572;0.54215562500768433;0.90230033707258461;0.94673205078856026
14.454397707459272;14.454397707459272;0.13349877834320123;-10.094195773940369;0.32778310692733464;0.52182045165358215;0.0044667531588722586;1.2208748207977509;1.1965752308065964;1.1965752308065964;0.25639133954519666;0.99202016689794525;0.25369358029707934;0.98947796266089649;0.60086077781912295;0.90338479008610018;0.54215668849136589;0.90230001442126295;0.94673030410011894
14.791083881682072;14.791083881682072;0.13348103284835872;-10.110318734984682;0.3432524790997219;0.5218297608870599;0.0044288672311891108;1.1658433689477103;1.1427204740371879;1.1427204740371879;0.25639729715141663;0.99202259833381257;0.25370046738516816;0.98948183231176634;0.60085751578440916;0.90339100696412833;0.54215783068569556;0.90230681391730261;0.94671760473974231
15.135612484362079;15.135612484362079;0.13349865674972594;-10.126116135459229;0.35941357232933391;0.52182599760935611;0.0043891386476344269;1.1134505267217569;1.0912895806004153;1.0912895806004153;0.25639616523453518;0.99201790498964248;0.25369778518887282;0.98947573945501854;0.60086283200939328;0.90338543699998042;0.54215893057738229;0.90230066114142127;0.94673021710382987
15.488166189124811;15.488166189124811;0.13349442124366817;-10.145784303288741;0.37645367010142561;0.52183773993997451;0.0043506374734374612;1.0633189233083011;1.0421734586758387;1.0421734586758387;0.25640512072663629;0.99201066509926505;0.25370470371680898;0.98946816271775506;0.6008648837479561;0.90338452038541239;0.54216012419100512;0.90229956660010813;0.94672718655509891
15.848931924611133;15.848931924611133;0.13350053429603637;-10.160018083195965;0.39405315533292573;0.52182838504895801;0.0042992391061502794;1.0154866010864676;0.99526792638374351;0.99526792638374351;0.25639882450719559;0.99201784150564909;0.25370044588255813;0.98947585415095485;0.60086480057022451;0.90338660126803882;0.54216144743907713;0.90230189374475334;0.9467315603969384
16.218100973589298;16.218100973589298;0.1335128128528601;-10.179956432919777;0.41267833868059978;0.52183165828691713;0.0042552296903663623;0.96982996223089024;0.95047349080140342;0.95047349080140342;0.25640268484967876;0.99200969363958924;0.25370181495586969;0.98946629636350136;0.60087023949508123;0.90338119080830315;0.54216273858610842;0.90229587513219911;0.94674034342879421
16.595869074375607;16.595869074375607;0.13349917054176391;-10.198953792195599;0.4321046033250836;0.52183694729181762;0.0042078920828290279;0.92612971867901339;0.90769513692525328;0.90769513692525328;0.25640595830003965;0.99201393873808885;0.25370650240971243;0.98947194554984408;0.60086734931232055;0.90338719106965149;0.54216408470130051;0.90230245547839361;0.94673058470382587
16.982436524617444;16.982436524617444;0.13349563717842167;-10.221617957692422;0.45257028918902864;0.52184747230190198;0.004164335789295542;0.8844344734634717;0.86684212613132905;0.86684212613132905;0.25641406908902348;0.9920076584745009;0.25371284927996857;0.9894653993883733;0.60086934046584728;0.9033865494827823;0.5421654091764847;0.90230166970434855;0.94672805660458215
17.378008287493753;17.378008287493753;0.13356084465980594;-10.241286822896283;0.47381686814249252;0.52182750636248765;0.0041071134760429983;0.84484939787103464;0.8278278037064779;0.8278278037064779;0.25640456508667048;0.99199264871768056;0.25369825215587027;0.9894451452926144;0.60088666179974148;0.90336513176746247;0.54216686690627358;0.90227808565829415;0.94677467331921328
17.782794100389228;17.782794100389228;0.13350432515144411;-10.260652419667524;0.49599621895596024;0.52183786258567777;0.0040501443084397541;0.80664195079714918;0.79056941504209477;0.79056941504209477;0.25640824974709508;0.9920158388091832;0.25370936232254787;0.98947425666994249;0.60087053029539739;0.90338948270267005;0.54216843490692757;0.90230491856604955;0.94673427236216046
18.197008586099834;18.197008586099834;0.13350535511970579;-10.283593269925401;0.51934505755862936;0.5218395991755751;0.0039946099811318855;0.77034026668317712;0.75498793010050402;0.75498793010050402;0.25641007701286739;0.99201564935263897;0.25371114963411789;0.98947417585848607;0.60087176768592354;0.90339017409326017;0.54216999140315036;0.90230565082322745;0.94673500915002506
18.620871366628677;18.620871366628677;0.1335063850879675;-10.307709023099228;0.54379674968340141;0.52184184949721568;0.0039347504285105247;0.73567228418526487;0.72100787578165126;0.72100787578165126;0.25641233039294858;0.99201515682793062;0.25371327719786119;0.98947377768085043;0.60087317737196067;0.90339083568503709;0.54217168089726353;0.90230634568938506;0.94673574591741783
19.054607179632473;19.054607179632473;0.13350811600685181;-10.337424465756699;0.56965093561498759;0.52185667308474548;0.003880142783249481;0.70256645735370216;0.68855717583454146;0.68855717583454146;0.25642427773735454;0.99200243062136573;0.25372152651924357;0.98945984661842623;0.60087825154648267;0.90338662409925463;0.54217339489270011;0.90230157855989357;0.94673698404982642
19.498445997580454;19.498445997580454;0.13350153565406858;-10.363408657651231;0.59644105302669592;0.52185997599272715;0.003812762790705226;0.67092804007966178;0.65756699797384544;0.65756699797384544;0.2564267625015576;0.9920053568957975;0.25372497051731524;0.9894636895233353;0.60087739182078359;0.90339066388629208;0.54217527437556523;0.90230599745592233;0.94673227679209926
19.952623149688797;19.952623149688797;0.13351075291633657;-10.391983028989115;0.62457336623984194;0.52186249533669926;0.0037503027534076276;0.64075500490388237;0.62797160787739492;0.62797160787739492;0.25642991837229134;0.99200022817529143;0.25372655834347474;0.98945770428826563;0.60088170182951528;0.90338750250603628;0.54217704072453332;0.90230246498396804;0.94673887012925018
20.417379446695296;20.417379446695296;0.13350215077400257;-10.420931812863623;0.65397047520820895;0.52186775366960592;0.0036784222491778066;0.61189515548762574;0.59970822975487248;0.59970822975487248;0.25643377742229739;0.99200257854982743;0.25373123535190972;0.98946105268364437;0.60088072416709115;0.90339192657106782;0.54217906196644527;0.90230729687324385;0.94673271685378402
20.892961308540396;20.892961308540396;0.13349500298500111;-10.449566361050877;0.68463738201751978;0.52186776256771972;0.0036051117210845248;0.5843385745538574;0.57271691319194318;0.57271691319194318;0.25643370920911845;0.99200906178205928;0.25373317242259008;0.98946886977200754;0.60087879093309615;0.90339753325170602;0.54218102665298606;0.9023134695951589;0.94672760281762602
21.379620895022324;21.379620895022324;0.13350640892982532;-10.483700462918556;0.71702639380714728;0.52187440984091549;0.0035316896745438845;0.55806455074867034;0.54694040598738791;0.54694040598738791;0.25644030930152512;0.99199931666355745;0.25373684103101002;0.98945770936761612;0.60088507566513771;0.90339227843170677;0.54218316701964342;0.90230759420923312;0.9467357629719706
21.877616239495531;21.877616239495531;0.13352583050727893;-10.51696879539994;0.75077222927725118;0.52187206374076467;0.0034539453643146175;0.53298904648716716;0.52232403271350958;0.52232403271350958;0.25644068748692739;0.99199364256009925;0.25373538298416737;0.9894505644588949;0.60089166616344536;0.90338654117479777;0.54218529521955106;0.90230123955833685;0.94674965196839689
22.387211385683401;22.387211385683401;0.13350692868232777;-10.551567527394567;0.7860858787578493;0.52188005990817188;0.0033714784084057669;0.50896198093824396;0.49881557874221971;0.49881557874221971;0.25644586289220067;0.99199943861448681;0.25374250436232615;0.98945836560049749;0.60088797293511587;0.90339509396087414;0.54218759910793368;0.9023106194979198;0.94673613475861484
22.908676527677734;22.908676527677734;0.13350947499275251;-10.588408156972203;0.82310667742360133;0.52188380384323585;0.0032879262590978526;0.4860598851264038;0.47636517949081153;0.47636517949081153;0.25644955691167198;0.99199755291863723;0.25374566259878495;0.98945642821360646;0.60089047977111032;0.90339524291300766;0.54218993063227383;0.90231073529206762;0.94673795609665778
23.442288153199225;23.442288153199225;0.13351377606391945;-10.627464791875157;0.86190975150047722;0.52188860952856009;0.0032000300730541738;0.46419159860970793;0.45492521465249564;0.45492521465249564;0.25645423953704749;0.99199384090849596;0.25374925941557702;0.98945238680259873;0.6008939071320325;0.90339431072762466;0.54219237037392509;0.90230964890577747;0.94674103230463968
23.988329190194911;23.988329190194911;0.13354056954383886;-10.665128537755288;0.90226277714600478;0.52187828376405077;0.003107031409843333;0.44334719897453445;0.43445020718734373;0.43445020718734373;0.25644919105134367;0.9919920374121175;0.25374342895008833;0.98944912990303169;0.60090092954839369;0.90338836697370173;0.54219478288407941;0.90230311890441772;0.94676018746809343
24.547089156850312;24.547089156850312;0.13350969433784521;-10.709724160771652;0.94495966435890466;0.52189836601728579;0.0030159896322838236;0.42334083512368359;0.41489672685938983;0.41489672685938983;0.25646273788897705;0.99199351174095485;0.2537578045213314;0.98945291861924745;0.6008965227419043;0.9033985541590176;0.54219748237636323;0.90231422858349053;0.94673811298512167
25.118864315095809;25.118864315095809;0.1335127699375156;-10.75277769241838;0.98934083091857228;0.52189948875781922;0.0029146050480594013;0.40429234879981835;0.39622329811527807;0.39622329811527807;0.25646457815083812;0.99199434483116611;0.25375990654704872;0.98945401496264851;0.60089860854821697;0.90339987247704212;0.54220022170599846;0.90231565524168045;0.94674031273591441
25.703957827688633;25.703957827688633;0.13354310631752042;-10.801529523473068;1.0361609864021375;0.52190303041056518;0.0028144619417010634;0.38614319843977163;0.37839031210905222;0.37839031210905222;0.25647055249523115;0.99197811779053746;0.25376085844077284;0.98943467767314652;0.60091072308055005;0.90338775032215324;0.54220306877605096;0.90230220222475621;0.9467620003371513
26.302679918953814;26.302679918953814;0.13351146817207366;-10.84971213017015;1.0849110924466281;0.52191652367824704;0.0027090520438467942;0.36871707820522825;0.36135994268648197;0.36135994268648197;0.25647905832697426;0.99198653589803387;0.25377223499492718;0.98944622087392309;0.6009043328648318;0.90340095326661807;0.5422060095268928;0.90231669148050109;0.94673938170088046
26.915348039269155;26.915348039269155;0.13351434826850916;-10.900047442059799;1.1359396976892637;0.52192010442744441;0.0026012043342346471;0.3521261457831048;0.34509606615072125;0.34509606615072125;0.25648281707438314;0.99198543720968568;0.25377569907252873;0.98944522665208678;0.60090707165520407;0.90340170001396081;0.54220894972394773;0.90231747186870037;0.94674144152934958
27.542287033381662;27.542287033381662;0.13351391434669518;-10.953561636548324;1.1894535111841402;0.5219272408887059;0.0024856688644176181;0.33627727300523402;0.32956418463910181;0.32956418463910181;0.25648909728968994;0.9919831126577775;0.25378136972492155;0.98944310852437456;0.60090971265782822;0.90340297819083515;0.54221214067159262;0.90231881637157141;0.9467411312012104
28.183829312644534;28.183829312644534;0.13351573109626796;-11.00889010105638;1.2454063984951609;0.52193194383117381;0.0023683738726502828;0.32114464386353253;0.31473135294854188;0.31473135294854188;0.25649369515145026;0.99198187381143754;0.25378565069521219;0.98944206229069664;0.60091245930720982;0.90340409828093859;0.54221533280426826;0.90232000419726144;0.94674243046290496
28.840315031266059;28.840315031266059;0.13351082444190998;-11.071250578503887;1.3045209339789285;0.52195057695602931;0.0022522737560185823;0.30668471518180629;0.30056610865435324;0.30056610865435324;0.25650845458248678;0.99197143639256469;0.25379748849884887;0.98943127980693468;0.60091673471117313;0.90340351028860544;0.54221871588906367;0.90231921424135031;0.94673892128685289
29.512092266663856;29.512092266663856;0.13351264595985429;-11.132019564252182;1.365888110600451;0.52195603841797311;0.002124008747643243;0.29288377013852729;0.28703840537422071;0.28703840537422071;0.25651371912234666;0.99196987341185672;0.25380234792649797;0.98942991741289488;0.60091977437713373;0.90340469108952937;0.54222220958106349;0.90232046389734544;0.94674022406728175
30.199517204020161;30.199517204020161;0.13350854992866534;-11.196252867322253;1.4302173532495626;0.52196473952090572;0.0019955585279577588;0.27969723151294312;0.27411954903579627;0.27411954903579627;0.25652099046930044;0.99196850749418541;0.25380934040657849;0.98942912992125509;0.60092168024508863;0.90340746845626851;0.54222573024051945;0.90232346088656712;0.94673729442653176
30.902954325135905;30.902954325135905;0.13351423382759109;-11.263635250668809;1.4975907947653015;0.5219716266393668;0.0018580624217434819;0.26711487510130583;0.26178213701272485;0.26178213701272485;0.25652773232674914;0.99196384143844274;0.25381473564013352;0.98942415830831121;0.60092649754807437;0.90340662729475341;0.54222948124775472;0.90232246948700434;0.9467413596848735
31.622776601683793;31.622776601683793;0.13351217389106762;-11.335706230740831;1.568352150417232;0.52198471166099725;0.0017221107093663931;0.2550906166352811;0.25;0.25;0.25653858689614817;0.9919576039547976;0.25382387494057218;0.98941791958698611;0.6009303498677625;0.90340716506675567;0.54223325673772893;0.90232296780658505;0.94673988644187534
32.359365692962825;32.359365692962825;0.13351189732551588;-11.408650108914657;1.6420920191296045;0.52199126369057791;0.0015767063695620524;0.2436093772795731;0.23874814650535897;0.23874814650535897;0.25654463072693745;0.99195673875743917;0.25382975335791941;0.98941752411139827;0.60093308381846255;0.90340940305330619;0.54223717664371551;0.90232538571219911;0.94673968863910651
33.113112148259113;33.113112148259113;0.13351450085639965;-11.48656892452745;1.7195286187524079;0.52200123534256382;0.0014283595152631578;0.23264757984727408;0.22800270983897741;0.22800270983897741;0.25655356495945053;0.99195124492721098;0.25383714399036056;0.98941187595845992;0.60093776743665672;0.90340920238388533;0.54224122500062222;0.90232508985679361;0.94674155065482757
33.884415613920254;33.884415613920254;0.13352054715156564;-11.564142319302835;1.7999795642180387;0.522000453471687;0.0012686646795666086;0.22218210467308036;0.21774089748902015;0.21774089748902015;0.25655457391557718;0.99195417374724626;0.25383903202847785;0.98941534408974163;0.60094073558608496;0.90341142697020316;0.54224537909932291;0.90232754577784169;0.94674587439155522
34.673685045253166;34.673685045253166;0.1335214316844941;-11.648917206864635;1.8847618709252205;0.52201007548696143;0.0011098794516876515;0.21218301584723354;0.20794094277566774;0.20794094277566774;0.25656316213741615;0.9919502830502519;0.25384657134543281;0.98941161011054146;0.60094479861152916;0.90341241926838622;0.54224966440335065;0.90232857602929184;0.94674650686642348
35.481338923357548;35.481338923357548;0.13352048754692081;-11.739338502030654;1.9738205204677173;0.52202466072572307;0.00094915646384270713;0.2026324393063757;0.19858205868107037;0.19858205868107037;0.25657542881442469;0.9919429075450682;0.25385679557714808;0.98940415592467768;0.60094961143674075;0.9034126093882463;0.54225407529326375;0.90232868941682376;0.94674583177141458
36.307805477010142;36.307805477010142;0.13351727843284611;-11.834576567750261;2.0671953082923391;0.52204156938531665;0.00078697290881066218;0.19350998523742513;0.18964439375729586;0.18964439375729586;0.25658930805381241;0.99193461605001243;0.25386839468591221;0.98939584276313819;0.6009542991730038;0.90341304562031299;0.54225853161351978;0.90232906621974829;0.94674353700168412
37.15352290971726;37.15352290971726;0.1335215318202973;-11.929818019013689;2.164166710260746;0.52204613279433199;0.00060916352888339305;0.18480375546912825;0.18110899001874745;0.18110899001874745;0.25659440124236899;0.9919341987994803;0.25387342690170212;0.98939581562383061;0.60095824321866276;0.90341473431757624;0.54226319672226697;0.90233090708260877;0.94674657846637544
38.018939632056124;38.018939632056124;0.13352139472961433;-12.032494798045446;2.2662407921624426;0.5220593347865754;0.0004304200736807903;0.17648611925331792;0.17295774272973408;0.17295774272973408;0.25660578844834925;0.99192821534703068;0.2538831834403929;0.98938993144145548;0.60096306966442548;0.90341547918191167;0.5422680012086244;0.90233165494083345;0.9467464804425717
38.904514499428068;38.904514499428068;0.13352296829223642;-12.138870635371497;2.3729053179425366;0.52206970811878639;0.00024572391152286738;0.16854399967422096;0.16517336200189894;0.16517336200189894;0.25661516592161848;0.99192412971861665;0.25389146874420071;0.98938606310489963;0.60096772921690023;0.90341656610228116;0.54227289588221939;0.90233280344160238;0.94674760556376725
39.810717055349734;39.810717055349734;0.13357773303985604;-12.249829759936624;2.4844981352778941;0.52206450189896692;5.2860070776094009e-05;0.16099364194576493;0.15773933612004823;0.15773933612004823;0.25661705100104903;0.99190570812601153;0.25388748173178993;0.98936325837035688;0.60098641930279151;0.90339864813532111;0.54227788278721545;0.90231303964624654;0.94678673341158925
40.738027780411279;40.738027780411279;0.1335281324386598;-12.365459909777931;2.6012131481608201;0.52208753226445115;-0.0001415548500517645;0.15371713997027497;0.15063989651858936;0.15063989651858936;0.25663196362027563;0.99191805197525351;0.25390668668665162;0.98938060210747381;0.60097705972078652;0.90341922239159256;0.54228303722598314;0.90233566898198647;0.94675129767101773
41.686938347033553;41.686938347033553;0.13355955362319955;-12.487691607814131;2.7236590937752867;0.52209079397488323;-0.00034151899610875209;0.14681723788837281;0.14385998433428915;0.14385998433428915;0.25663845548738129;0.99190476227807756;0.25390907669617474;0.98936488771324937;0.60099010593209767;0.90340933393417533;0.54228824181569735;0.90232474122788187;0.94677375115582907
42.657951880159274;42.657951880159274;0.13353264570236212;-12.615757766108809;2.8518835108503167;0.52211086528667561;-0.0005434245923825236;0.1401942367728608;0.1373852184644061;0.1373852184644061;0.25665303284082586;0.99190771703322045;0.25392495768709877;0.98937057114217308;0.60098776889205752;0.90342060862182449;0.54229356975903886;0.90233711537720063;0.94675452400793958
43.651583224016612;43.651583224016612;0.13352911710739135;-12.75264731917888;2.9868082120728685;0.52213124851698878;-0.00074892080004795294;0.13388256105886526;0.13120186506244308;0.13120186506244308;0.25666982646824782;0.99189784809737791;0.25393905075137946;0.98936074506908911;0.60099356929878633;0.90342109590423669;0.54229907121330656;0.9023375605267091;0.94675200160159856
44.668359215096324;44.668359215096324;0.13353134870529165;-12.892201342921558;3.1271935714970551;0.52214207351208652;-0.00096653210691876451;0.12785799812882193;0.12529680840681801;0.12529680840681801;0.25667981495897652;0.99189397056215378;0.25394803213552353;0.98935723549633381;0.60099878680450725;0.90342247490852479;0.54230468270465459;0.90233906392402641;0.94675359688108485
45.708818961487516;45.708818961487516;0.13353174924850453;-13.040067282061882;3.2746156054249722;0.5221574129789841;-0.0011828988802153693;0.1221036365260032;0.11965752308065952;0.11965752308065952;0.256693111836368;0.99188692231381881;0.25395941843204112;0.98935034374405217;0.60100460478861084;0.9034231077738335;0.54231032559802128;0.9023397179939513;0.94675388320316689
46.77351412871981;46.77351412871981;0.13353708982467644;-13.191236677508662;3.4280164727105134;0.5221641959060469;-0.0014164756009906222;0.11661056649647622;0.11427204740371878;0.11427204740371878;0.25670033276111404;0.99188556017606699;0.25396634812239244;0.98934950878592798;0.60100986077820762;0.90342480008868598;0.5423162080891335;0.90234161447355354;0.94675770053441077
47.863009232263828;47.863009232263828;0.13353711128234852;-13.353782465796781;3.589751002777458;0.52218174250101623;-0.0016457716887743538;0.11136223604417882;0.10912895806004151;0.10912895806004151;0.25671537327848803;0.99187711247548582;0.25397908613057124;0.98934116366709202;0.60101623234025936;0.90342515580092386;0.54232216629592112;0.90234196202023842;0.94675771587081725
48.977881936844611;48.977881936844611;0.13353654861450176;-13.527671244483308;3.7601680695769844;0.52220747834391568;-0.0018702950217506667;0.10634986967485562;0.1042173458675839;0.1042173458675839;0.25673663606460073;0.99186125480482057;0.25399588921396482;0.98932467569627935;0.60102462529303957;0.90342278877770044;0.54232811031887218;0.90233925116537628;0.94675731371388128
50.118723362727224;50.118723362727224;0.1335374295711515;-13.701406070332844;3.9362568220390348;0.52221609315575168;-0.0021153269507995544;0.10156369607904855;0.099526792638374315;0.099526792638374315;0.25674496619613807;0.99186102334296333;0.25400432177247412;0.989325421003307;0.60102892516173945;0.90342616492642869;0.54233425373174204;0.90234301716144127;0.94675794335942998
51.286138399136483;51.286138399136483;0.13352146506309492;-13.886309978108727;4.1214746042479229;0.52223572382872252;-0.0023584163082452235;0.096986363571215345;0.0950473490801403;0.0950473490801403;0.25676035023441179;0.99185967554269117;0.2540196749896606;0.98932594054241996;0.6010304533431865;0.90343340375436409;0.54234042553779349;0.90235099156967147;0.94674653073308312
52.480746024977257;52.480746024977257;0.1335385930538176;-14.082052919011439;4.3160700311354621;0.52225068355040194;-0.0026014191708527722;0.092627624141414594;0.090769513692525339;0.090769513692525339;0.25677489126667341;0.99184472739990337;0.25402984090358238;0.9893095062778543;0.6010420501264998;0.90342698681582101;0.54234662716743542;0.90234389932166825;0.94675877491163507
53.703179637025272;53.703179637025272;0.13354365229606607;-14.281976529698698;4.5182360663336025;0.52225951279611105;-0.0028595840568509138;0.088460490054946841;0.086684212613132916;0.086684212613132916;0.25678379054468686;0.99184232591550725;0.2540381810234239;0.9893076992303953;0.60104789849561069;0.90342853072244511;0.54235296878388495;0.90234567018928791;0.94676239049669209
54.954087385762456;54.954087385762456;0.13354410409927348;-14.490753498416277;4.7296635315777866;0.52226903379315881;-0.0031248402801729281;0.084479265304668705;0.082782780370647763;0.082782780370647763;0.25679285418469389;0.99184195288394539;0.25404734303803933;0.989308459710176;0.60105237177821424;0.90343205834757634;0.54235939846713532;0.90234965193226724;0.94676271335360573
56.234132519034908;56.234132519034908;0.13354611396789523;-14.718215754371025;4.9539964906833962;0.52229517830300964;-0.0033766815202543442;0.080677722654749928;0.079056941504209485;0.079056941504209485;0.25681481417387281;0.99182526657453174;0.25406459981863722;0.98929106031487113;0.60106192610952391;0.90342897465104821;0.54236593789725895;0.90234618820029944;0.94676414955057497
57.543993733715695;57.543993733715695;0.1335458707809446;-14.951676061492311;5.1873260980737381;0.52231374621389814;-0.0036443888172507381;0.077046551813233805;0.075498793010050413;0.075498793010050413;0.2568308232987111;0.99181706787270418;0.25407843092301557;0.98928324746872653;0.60106869023642984;0.90342976250485307;0.54237258088895657;0.9023470856144824;0.94676397578000782
58.884365535558899;58.884365535558899;0.13354921340942361;-15.195568635802616;5.4314441413500063;0.52233017311079499;-0.0039099575785803099;0.073579872596245752;0.07210078757816514;0.07210078757816514;0.2568454579695626;0.99180881717362501;0.25409083348942973;0.98927516763617718;0.60107606993577345;0.90342953486901001;0.54237911790718829;0.90234688259198692;0.94676636417362947
60.25595860743578;60.25595860743578;0.13354984283447247;-15.451993348937386;5.6874366746739264;0.52235000610292237;-0.0041826311128389301;0.0702684102698969;0.068855717583454157;0.068855717583454157;0.25686251151549422;0.99179917588879007;0.25410528662926424;0.98926575594872801;0.6010834788978987;0.90342954835841871;0.54238583525790884;0.90234693565756718;0.94676681388981432
61.659500186148222;61.659500186148222;0.13355634212493872;-15.719591977935192;5.9551519451808961;0.52236651632499664;-0.0044544718762734954;0.067107560775101133;0.065756699797384535;0.065756699797384535;0.25687750178667323;0.99178932143112519;0.25411755161751265;0.9892557730826399;0.60109199213183562;0.90342791915622722;0.54239247610272134;0.9023452037334081;0.94677145710304456
63.095734448019329;63.095734448019329;0.13355344474315617;-15.999365329485299;6.2352952658339955;0.52238551695619984;-0.0047346117504166764;0.064086477996955618;0.062797160787739489;0.062797160787739489;0.25689366640709899;0.99178248434626537;0.25413198878764692;0.98924972476715078;0.60109800709169336;0.9034299037813418;0.54239926481559919;0.90234746816064537;0.94676938726063375
64.56542290346556;64.56542290346556;0.13355467498302437;-16.293721294145943;6.5291880517446241;0.52240601459517877;-0.0050143838980002201;0.061202413447925062;0.059970822975487253;0.059970822975487253;0.25691132084185997;0.99177203792860724;0.25414681605485978;0.98923945905559429;0.60110584314809001;0.90342943567294076;0.54240606447158424;0.90234701700937492;0.9467702661438081
66.069344800759609;66.069344800759609;0.13355730235576607;-16.600022792559031;6.8361356161147917;0.52242294156544422;-0.005296604122653507;0.058448467226662325;0.057271691319194323;0.057271691319194323;0.25692633586435126;0.99176413973887212;0.25415973928034141;0.98923194629035416;0.60111316830283046;0.90342952856194259;0.54241279906777473;0.90234722456540251;0.94677214304057611
67.60829753919819;67.60829753919819;0.13356449007987958;-16.916530510526073;7.1556934521118851;0.52243229950629788;-0.0055930530541724692;0.055819462571700007;0.054694040598738787;0.054694040598738787;0.25693594500095046;0.9917610392601971;0.25416863017044178;0.98922955357414688;0.60112001517567992;0.90343031762271264;0.54241961657253379;0.90234828799372002;0.9467772770010604
69.183097091893657;69.183097091893657;0.133564349412918;-17.255089172463791;7.4933269476046442;0.52245510915072546;-0.0058765112474899739;0.053307142826898628;0.052232403271350973;0.052232403271350973;0.25695527396153467;0.9917492804393262;0.25418477417065122;0.989217968760983;0.60112802510246488;0.90342963900491102;0.54242644082826463;0.90234761677565389;0.94677717653672755
70.794578438413808;70.794578438413808;0.13356367230415339;-17.610137542825122;7.8471431419590143;0.52247918430948537;-0.0061602829148760209;0.050907787884545037;0.049881557874221966;0.049881557874221966;0.25697552223440945;0.99173667682921884;0.25420159960835048;0.98920549863294516;0.6011361885670139;0.90342874792780392;0.54243326333233444;0.9023467121907679;0.94677669294039402
72.443596007499025;72.443596007499025;0.13356772065162653;-17.977142771821399;8.2154591542962976;0.52249504022300342;-0.0064566152694169494;0.048617349646213254;0.047636517949081164;0.047636517949081164;0.25698987774319748;0.99172927025661139;0.25421401975314212;0.98919857072024764;0.60114375145478227;0.90342862896630993;0.5424401110240028;0.9023467510246671;0.946779584169954
74.131024130091774;74.131024130091774;0.13356781125068667;-18.365506323914907;8.603001054983114;0.52251788021407153;-0.0067415473536613073;0.046429225340472169;0.045492521465249562;0.045492521465249562;0.25700922572429657;0.99171733698595321;0.25423014021682916;0.98918682588286289;0.60115182404536149;0.90342769990112959;0.54244684498937823;0.90234583559784143;0.94677964886994381
75.857757502918403;75.857757502918403;0.13356961607933049;-18.770319768529326;9.0079278094975876;0.52253813501089541;-0.007036061109190743;0.044339887037736364;0.043445020718734358;0.043445020718734358;0.25702676264939522;0.99170707048649287;0.25424493241367152;0.98917688490082123;0.60115980901048327;0.90342699760117418;0.54245367592284965;0.90234521302369719;0.94678093772882865
77.624711662869203;77.624711662869203;0.13357137084007265;-19.194272586446203;9.4319556500379438;0.5225584393573377;-0.0073274241484178769;0.04234456149279428;0.041489672685938984;0.041489672685938984;0.25704430307516785;0.99169668922736232;0.25425969559932127;0.98916681893925396;0.60116775952854007;0.90342618329785418;0.54246040576751409;0.9023444740165929;0.94678219077309478
79.432823472428169;79.432823472428169;0.13357606768608088;-19.639957639317906;9.8768495593106174;0.52258022329769949;-0.0076134624343831194;0.040439504292352144;0.039622329811527822;0.039622329811527822;0.25706320809224403;0.99168316363740494;0.2542748660182913;0.98915308769914612;0.60117710563629156;0.90342333935360464;0.54246703887946812;0.90234147939701703;0.94678554441715612
81.283051616409949;81.283051616409949;0.13356800436973565;-20.110396691899702;10.344692265293027;0.52261099809310574;-0.0078944783126349942;0.038618177479788761;0.037839031210905184;0.037839031210905184;0.25708794717866756;0.99166819808593454;0.25429558905543354;0.98913851017179955;0.60118452523749555;0.90342317582468834;0.54247368077386826;0.90234139103890976;0.94677978678254704
83.176377110267083;83.176377110267083;0.13357576191425313;-20.590701776485844;10.8281406168504;0.52262133465650207;-0.0081990517196784476;0.036881221009885938;0.036135994268648199;0.036135994268648199;0.25709833200333759;0.9916639030506903;0.25430493750962369;0.98913491786606522;0.60119180867992339;0.9034230363337048;0.54248033134394014;0.90234152147731361;0.94678532610275834
85.113803820237635;85.113803820237635;0.13357766225934015;-21.102984211336782;11.339292828664485;0.52264528341966199;-0.0084854348467853988;0.035221561153347514;0.03450960661507213;0.03450960661507213;0.25711865073132284;0.99164986196494387;0.25432141116893764;0.98912082202349383;0.60120077012450401;0.90342059154605281;0.5424868920464313;0.90233898392060685;0.94678668287827705
87.096358995608057;87.096358995608057;0.13358057551085928;-21.632325343158065;11.870646431135805;0.52266007670284309;-0.0087806976157595307;0.033636722894585636;0.032956418463910182;0.032956418463910182;0.25713198632524625;0.99164379851698459;0.25433324520049927;0.98911554659245371;0.60120754123457598;0.90342084283003488;0.54249332917862891;0.90233952831766251;0.94678876269592593
89.125093813374548;89.125093813374548;0.13358098514378053;-22.192602603252958;12.430321853961875;0.52268302254959442;-0.0090672856041930042;0.032122873771863306;0.031473135294854182;0.031473135294854182;0.25715138780911406;0.99163141566492741;0.2543493111050894;0.98910339653268886;0.60121569401663977;0.90341930089995326;0.54249977835033059;0.90233801903267663;0.94678905512638545
91.201083935590972;91.201083935590972;0.13358199723064879;-22.778531192358578;13.015963344579074;0.52270465462094262;-0.009349998507066571;0.030677230851422405;0.030056610865435325;0.030056610865435325;0.2571697846512685;0.99161976445527744;0.25436457960388736;0.98909201152388448;0.6012236481107559;0.90341777797258915;0.54250607056377509;0.90233654692144771;0.9467897776253883
93.325430079699103;93.325430079699103;0.13358209576457714;-23.393577158752827;13.630095803435413;0.52272839175452979;-0.0096306845709912756;0.029296539603565017;0.028703840537422066;0.028703840537422066;0.25718972321319555;0.99160660071072448;0.25438095662975829;0.9890790092685432;0.60123186466186496;0.90341587356888697;0.54251233968753965;0.90233464254701568;0.94678984796477872
95.499258602143584;95.499258602143584;0.13358258437365261;-24.034330674562618;14.271245663080526;0.52274809274040179;-0.0099111977162392659;0.027978032959556261;0.027411954903579627;0.027411954903579627;0.25720654860210446;0.99159685185431923;0.25439522191139624;0.9890697701672545;0.60123906631550084;0.9034150655434896;0.54251844854395981;0.90233399480943355;0.94679019676041121
97.723722095581067;97.723722095581067;0.13358848284929947;-24.702418991480044;14.940824883036413;0.52276349842932124;-0.01019856221040011;0.026719446301951878;0.026178213701272487;0.026178213701272487;0.25722053435048803;0.99158821105753026;0.25440692568967099;0.98906149282396238;0.60124695701789221;0.90341327054079923;0.54252455602804606;0.90233231070124376;0.94679440704820317
100;100;0.13358802847564166;-25.408552340533618;15.645951647188163;0.52278733130628474;-0.010470809412918083;0.025516826609000287;0.025000000000000001;0.025000000000000001;0.25724042054467189;0.99157497318289911;0.25442323323573429;0.98904842674812699;0.6012549290362732;0.90341126411379979;0.54253054562790648;0.90233030853901919;0.94679408274354948
