NAtoms;sigma;Deltac;delta;tNoInteractionAbs;tNoInteractionArg;t_storage;t_retrieval;t_to_pass_ensemble;P_success;F_swap;F_CJ;F_CJ_conditional;P_success_tNoInteraction_one;F_swap_tNoInteraction_one;F_CJ_tNoInteraction_one;F_CJ_conditional_tNoInteraction_one;single_photon_storage_retrieval_eff
1000;0.23256483674049389;-2.0397412464927624;0.070683458272026795;0.16097100229610561;0.071200421534995784;33.948946798435607;25;25;0.014291052029304863;0.71326904902727617;0.010133520715374413;0.70908150740721376;0.38842732576260497;0.56463907514823375;0.21926140160573174;0.56448500675191338;0.76817729921378397
1023;0.23145666241645829;-2.0282092497657729;0.067054382876414353;0.13863803792582963;0.059870665905192959;34.646619158369099;25.574999999999999;25.574999999999999;0.011243061629548003;0.75141805823427266;0.0083844275765876178;0.74574238342271648;0.38971203658112669;0.56658755913638159;0.22074217961087317;0.56642381782047191;0.7717717939599571
1047;0.23038709207223312;-2.0835206613856858;0.065686781337042324;0.15451299445103905;0.067593151012538946;35.378844694686833;26.175000000000004;26.175000000000004;0.013634835075222935;0.73099682230966134;0.0099003209298662697;0.72610492721375253;0.39207806328595951;0.56755212887818363;0.22245803932154362;0.56738200922833915;0.77539852668025333
1071;0.229323678452238;-2.108136378319891;0.063434237539804414;0.15407449043700544;0.057631495058181617;36.106673665441356;26.775000000000002;26.775000000000002;0.013752233075551632;0.73784355765147236;0.01007668064596956;0.73273050206541546;0.39395547994856878;0.56947199895891176;0.22427629873498131;0.56929351195790134;0.77889668204856166
1096;0.22822907748406601;-2.1270692930545056;0.061032117677455047;0.15204846797100308;0.062697278134290657;36.860957264363137;27.400000000000002;27.400000000000002;0.013622813075516898;0.74698224779221589;0.010101698473205124;0.74152808360558298;0.39578443454173623;0.57130516040392232;0.22603938880204455;0.57111742927375853;0.7824116108869632
1122;0.22713437977021406;-2.1401769802893846;0.058509909267554616;0.14342337915533893;0.064846123091855362;37.644821487364958;28.050000000000004;28.050000000000004;0.012547367098358207;0.76899818174630441;0.0095705208258535877;0.76275132072176854;0.39743315106254401;0.5736843613933249;0.22792280180536509;0.57348714166397485;0.78593853235358557
1148;0.22605699603242121;-2.1709531233641473;0.056619815763209444;0.14628312347502023;0.066132816590726354;38.425126005214409;28.700000000000003;28.700000000000003;0.013091798095289077;0.76815871867826002;0.0099738578508685068;0.76184018255349328;0.39931547693104852;0.57482056655253166;0.22945202768349643;0.57461340954514739;0.78933821044966479
1174;0.22501806524138401;-2.1835524962286437;0.054378675658173239;0.14051762383796176;0.055009844733266651;39.20462462303334;29.350000000000001;29.350000000000001;0.01240387085000773;0.78467048539183426;0.0096459862077933126;0.77765935524774521;0.40088876953479624;0.57666369031762688;0.23109103209400847;0.57644675943946666;0.79262024469309034
1202;0.22392592456679294;-2.2187895105223152;0.052642380668171646;0.14386790626193655;0.05532428346900322;40.041462463972458;30.050000000000001;30.050000000000001;0.013040543988417535;0.78371430351406568;0.010128531526386955;0.7766954764604147;0.40281663210315061;0.57811828074047267;0.23278412948220065;0.57789105744419911;0.79602835069538092
1230;0.22286653247225363;-2.2317848012778132;0.050496184654002678;0.13766153365273737;0.04811520135423835;40.876463276283197;30.750000000000004;30.750000000000004;0.01235011395525578;0.80673643495577974;0.0098667440158612309;0.79891926921551093;0.40443299936261184;0.58123599788480451;0.2349744750743728;0.5809972861875603;0.7993133159508804
1258;0.22183370156704799;-2.2698975370268322;0.049037269518409157;0.14286266088456495;0.054905881712076957;41.709082246936902;31.450000000000003;31.450000000000003;0.013268318843650959;0.80172337864632304;0.010536436454175502;0.79410485822153021;0.40631967024778914;0.58269457683611436;0.236659183357112;0.58244579498892646;0.80248113400798926
1288;0.22076213085358209;-2.2974708841177804;0.047283761160466398;0.14348253084033669;0.05832280023243222;42.599539346118945;32.200000000000003;32.200000000000003;0.013504324047132522;0.80553061509593249;0.010771429885963399;0.79762821510866966;0.40808688122678871;0.58410114423122972;0.23825729770014331;0.58383963969607511;0.80575334924690367
1318;0.21969108668417928;-2.3360884831275195;0.045857743561495343;0.14641689747327175;0.056266849254510101;43.483665144343817;32.949999999999996;32.949999999999996;0.014124918201742527;0.80607207996991292;0.011274113438565382;0.79817194531962288;0.40990477619028198;0.58589414338367629;0.24004921895916467;0.58562191246030115;0.80890085804431777
1348;0.21866505948157305;-2.356312684806749;0.044160518117413471;0.14337894521709899;0.055901886840722316;44.367774714398379;33.699999999999996;33.699999999999996;0.013813439135000827;0.81859221860625497;0.011190655099015567;0.81012809262397334;0.4114364885218143;0.58777537543740555;0.24171531782047001;0.58749120353639783;0.81193752219317694
1380;0.21759152484384708;-2.3759406373831604;0.042429193943479167;0.14217270827019957;0.050051924466797654;45.307095883016686;34.5;34.5;0.013846181558722935;0.83096981526074898;0.011382847813095651;0.822092918890305;0.41313719083035627;0.59061000900487415;0.24388004887774206;0.59031250221644871;0.81505682654894762
1412;0.21655164237461597;-2.4155001090842294;0.041152501793363105;0.14465881065372718;0.055289632643653809;46.244564532214845;35.299999999999997;35.299999999999997;0.014393728842929538;0.83132984831064238;0.011837374051199424;0.82239801655108702;0.41486501347287186;0.59219062118398647;0.24555060767158515;0.59188073155665555;0.81806146374760425
1445;0.21551843996498085;-2.4435327934096733;0.039699418035239839;0.1450990169243204;0.049474314087883602;47.210330654179387;36.125;36.125;0.014666167174271322;0.83841257295923666;0.012161948065579933;0.82925197299779108;0.4165469635065896;0.59453969896293413;0.24751935539668099;0.59421716416560877;0.82104770502191893
1479;0.2144354650946482;-2.4513318555432351;0.037963495561419647;0.13931578177860121;0.04592668199360897;48.195376523912032;36.975000000000001;36.975000000000001;0.013907553713112933;0.85859117261055318;0.011799266105750116;0.84840701313452505;0.41791143879240467;0.59660834989134059;0.24918781715371671;0.59626943419823319;0.82400070680827309
1513;0.21346238289123021;-2.5324533002446552;0.037441998902080859;0.15460170388262234;0.055935411266286719;49.19053978455905;37.825000000000003;37.825000000000003;0.016621666818768879;0.83151619060732784;0.013675015295514152;0.82272226032545526;0.42016990557949713;0.59822508064297886;0.25121000586987491;0.59787719809063145;0.82685982205152908
1548;0.21240611571913209;-2.5383939729998968;0.035802532099181064;0.14709026920492352;0.053031494961862984;50.199209236259001;38.700000000000003;38.700000000000003;0.015500653593619573;0.85302335308949817;0.013069191977033913;0.84313812305395264;0.42136444619457125;0.60004804004257861;0.25268568255620477;0.59968439396883388;0.82967812552616593
1584;0.21136344417089306;-2.5752314606669691;0.034648768574265618;0.14970253805711264;0.045892100659290946;51.236268761487565;39.600000000000001;39.600000000000001;0.01615301560843414;0.85528181395203717;0.013654935274743379;0.84534898038565554;0.42306054065448501;0.60244466907300476;0.25471012219680411;0.60206542024165455;0.83247144263975503
1621;0.21033016028897716;-2.5875576535220759;0.033199910725915674;0.14694561495749664;0.038689156104926167;52.30084309400921;40.525000000000006;40.525000000000006;0.015925888212398168;0.87177249839987225;0.013716130008311797;0.86124741209937083;0.42452634290179248;0.60555500796949868;0.25690643161130949;0.6051601647503434;0.83523617560755348
1659;0.20928803506391003;-2.6026171365733761;0.03184030097531524;0.14464951935532297;0.040126692097598296;53.389558700767367;41.475000000000001;41.475000000000001;0.015729604535759986;0.88531855496111489;0.013751065727688062;0.87421560385870634;0.42594587296302255;0.60793023003076097;0.25877072750104285;0.60752021307530635;0.83796569827379452
1698;0.2082792986857751;-2.6748373189914716;0.031206947761166906;0.15185679349461156;0.045762364916091688;54.509520573801375;42.450000000000003;42.450000000000003;0.017148459969830412;0.87335611448984563;0.014795628898860293;0.86279636334052767;0.42778904106102267;0.60934749642300179;0.26049109769785561;0.60892419556090838;0.84066735983799623
1737;0.20725164138461;-2.6804148356403896;0.029845317735752157;0.14847817233255173;0.037715877162796334;55.618177693999861;43.424999999999997;43.424999999999997;0.016780825608387177;0.89058701328618539;0.014755660586316364;0.87931672318562082;0.42911357278746876;0.61223595040368917;0.26252963129392504;0.61179521679672122;0.84325571390420029
1778;0.20620781792942605;-2.7359450991115439;0.029044265836454784;0.15371407590514641;0.035893307021865654;56.781848516424489;44.449999999999996;44.449999999999996;0.017887171284144569;0.88334479893718043;0.015604019998625686;0.8723581694807887;0.43083119974258877;0.6137493203849157;0.26422583631970986;0.61329317950412698;0.84587439153097221
1819;0.20518529472090469;-2.7673033411471826;0.02803608429699235;0.15551641669154082;0.038650119079767536;57.941014604685961;45.475000000000001;45.475000000000001;0.018491406126570974;0.88944990467123763;0.01624243808228603;0.87837766209388912;0.43242736905219809;0.61691124799319297;0.26656456657417504;0.61643777811389677;0.84839055329135737
1862;0.20416986224383457;-2.8342934938928934;0.027377613076348149;0.16210668959239663;0.044373367912242015;59.158815526565419;46.550000000000004;46.550000000000004;0.019963787606964659;0.88173330441636077;0.017390746145674735;0.8711145644330397;0.43425049782419578;0.61903285136905895;0.26860333360686472;0.61854467629328425;0.8509347770354726
1905;0.20312805250483526;-2.8323150488390638;0.026103871123534357;0.15604823607280066;0.036639363691709233;60.362624755538398;47.625;47.625;0.018990627188316445;0.9015733143169391;0.016900660043109358;0.88994743962469591;0.43528347303846343;0.62111973630575734;0.27014237333988605;0.62061252051261584;0.85336605281149636
1949;0.20212665947896327;-2.8968942019007056;0.025483569167365286;0.16210577726601164;0.037195132128620759;61.598318096677048;48.725000000000009;48.725000000000009;0.020384606035184046;0.89458635181206858;0.018007306377889012;0.8833776991720228;0.43702437155544432;0.62326788638368569;0.27215477238926761;0.62274506893201931;0.85576763515917131
1995;0.20107222630256738;-2.9073518129854179;0.024380233597544661;0.16005975799295488;0.032141531794553854;62.879179985772716;49.875;49.875;0.020242998691210049;0.90839401363573113;0.018150712657819288;0.89664149737364374;0.43833530223412637;0.62628634476406864;0.27428550804595231;0.62574359548035952;0.85817017709271415
2041;0.20010551600331389;-2.9546819309561214;0.023649520361777143;0.16402655038588546;0.029077998788049546;64.169034383435942;51.024999999999999;51.024999999999999;0.021323916918265108;0.9089679115285596;0.019137453403490375;0.89746426403950641;0.43999605209121101;0.62943671213119812;0.27670436555568573;0.6288792007122942;0.86049565575905096
2089;0.19903983457559682;-3.0187731395332777;0.02304391602567759;0.16886492229990002;0.033506444406838816;65.493056860512866;52.225000000000001;52.225000000000001;0.022510190156470728;0.90304212844445531;0.020073103858992344;0.89173408662752573;0.44160975303721028;0.63098792342214338;0.27839587486031847;0.6304115181914034;0.86280224407121764
2137;0.19803010565839962;-3.0485274444198707;0.022214137884587429;0.16944353912061483;0.033449655116676899;66.819307797881606;53.424999999999997;53.424999999999997;0.022903129007931042;0.91018086144247945;0.020582368885483749;0.89867060864724446;0.44299809872296564;0.63384945977074347;0.28053048475033493;0.63325437639353876;0.8650257926677738
2187;0.19698339405316817;-3.0928024898140398;0.02149704922920961;0.17196582429366242;0.029360137161423799;68.191651763512226;54.675000000000004;54.675000000000004;0.023658480985061403;0.91033355288268103;0.021264213781664449;0.8987987772795405;0.44445689379352415;0.63579163050191589;0.28230907792352794;0.63517763334474631;0.86724315235443061
2238;0.19600096880476495;-3.1282838116249883;0.020743058555267702;0.17304370971109465;0.033354238460522774;69.600529837721211;55.950000000000003;55.950000000000003;0.024179087539514116;0.91667980393776582;0.021883668531220094;0.90506593747415875;0.44587824710777624;0.63878559769178977;0.28453978988261258;0.6381558008902698;0.86943272164158503
2290;0.19501412702735257;-3.2018723259537172;0.020261677794669301;0.179305903267896;0.033502036944503266;71.030245836078976;57.25;57.25;0.025871976005089854;0.91174491085571974;0.023299346867259919;0.90056309818299862;0.4476475925730663;0.64168630403212101;0.28696003359792566;0.64104004658773461;0.87157282857283669
2344;0.19399861565110788;-3.2248622665977544;0.019457083065722691;0.17834292276201491;0.03139250254945139;72.506336482791625;58.600000000000001;58.600000000000001;0.025946052072204698;0.9217225700642504;0.023616842219077817;0.9102287374339274;0.44890152153750568;0.64458056818761678;0.28905497823299547;0.64391623633390815;0.87370001467677139
2398;0.19294176867482771;-3.2471227775192331;0.018699996696744062;0.17910755308082377;0.029492671159146933;73.961103284998586;59.950000000000003;59.950000000000003;0.0263814426075029;0.92692676380259442;0.024144780340172405;0.91521834872311392;0.45019396102537285;0.64705394933649507;0.29099089556846353;0.64636783422348776;0.87571763432140182
2454;0.19194661633137025;-3.3103098015201766;0.01818876197542104;0.18326520771904919;0.027431152508333414;75.483424911118647;61.350000000000001;61.350000000000001;0.027651196061132741;0.92594521719128609;0.025285181310937484;0.91443354764964435;0.4517863477713922;0.64987876192325356;0.29328804091201371;0.64917420005887383;0.87775055319030282
2511;0.19091204596890771;-3.3561849440341547;0.017597483404670423;0.18533883317967664;0.027132686240489808;77.015795383500318;62.775000000000006;62.775000000000006;0.028423272516750774;0.9285822205898947;0.026066236529083586;0.91707372941387699;0.45317305563347993;0.65244369407595715;0.29534279349224457;0.65172187494552569;0.87971831534371325
2570;0.18990125308595471;-3.4246396864883497;0.017128101269175293;0.18930651820377617;0.030383221482051449;78.605537916165432;64.25;64.25;0.029658853241074722;0.92682200489854583;0.027152005923740691;0.91547726754781322;0.45470210366486369;0.65478292810344207;0.29739470295233028;0.65404294494208859;0.88168334988057373
2630;0.18888184975683564;-3.4565036621995162;0.016492197231812368;0.19121374999487931;0.025414291068592297;80.212287191949514;65.750000000000014;65.750000000000014;0.030492390204988232;0.93211800417190094;0.028076169201078596;0.9207598686863725;0.45613536165229307;0.65828856876901154;0.29992235768779751;0.65752928385417531;0.8835924676081659
2691;0.18786848193271019;-3.5065758553445407;0.015967916310970682;0.19429057824299706;0.024547735000019232;81.839675752141275;67.275000000000006;67.275000000000006;0.031601302260430321;0.93377432957901607;0.029152454873663171;0.92250802303696566;0.45761489503093883;0.66129478732549396;0.3022623147280688;0.66051677515355611;0.88545195998375414
2754;0.18687902575595233;-3.5594708290994235;0.015463067726454444;0.19674707051611054;0.024218596109115857;83.523756623968424;68.850000000000009;68.850000000000009;0.032542874238230449;0.93592164727200988;0.030093193663388154;0.92472451705066427;0.45902187152451662;0.6640272098815676;0.30443862582241793;0.66323337668270055;0.88730504930529486
2818;0.18578840082696862;-3.6113127795152593;0.01497176698999711;0.19924356111325323;0.02350732107832796;85.196730513163658;70.450000000000003;70.450000000000003;0.033461118914763145;0.93649662350579355;0.030960151239295658;0.92525750015000086;0.46034598958906153;0.66617867449306889;0.30629660750953525;0.66536173755517669;0.88906379281295667
2884;0.18481494091636722;-3.6639639941134128;0.014491215039735741;0.20271566913928346;0.026525089891627617;86.952607603828113;72.100000000000009;72.100000000000009;0.034819102340408234;0.93976181879044318;0.032336960225033781;0.92871320773557453;0.46194071876402837;0.67015522292369512;0.30918728264180073;0.66932242619586402;0.89085156874688398
2951;0.18377589544597883;-3.7002257433999084;0.013965776492410924;0.20330424516854706;0.02242311059940533;88.706322619368422;73.775000000000006;73.775000000000006;0.035204643395310098;0.9426638776330557;0.032792132294468958;0.93147179269077529;0.4630379775405003;0.67181996845971381;0.31068414610766554;0.67096903748136094;0.89255844379786131
3019;0.18280340195862674;-3.7611144152763631;0.013553532231196378;0.20812539517679984;0.018635005734038167;90.497631909269415;75.474999999999994;75.474999999999994;0.03696230974096236;0.94296859597290028;0.034451023083775054;0.93205817832308657;0.464715768941522;0.67568425518540631;0.31359785397359002;0.674816468328304;0.89424206892742442
3090;0.18174430203678654;-3.8101704684496251;0.013096342317342816;0.20990081023988832;0.02295554852384659;92.339786848215596;77.25;77.25;0.037779371331313268;0.94583395457614294;0.035319767829706042;0.93489559474038697;0.46599113468889408;0.67824827574781599;0.31564443925852026;0.67736146840916067;0.89589519071589352
3162;0.18068928631335457;-3.8831393924951882;0.012737842283448113;0.21415430465614402;0.025608372591228595;94.198685758995722;79.049999999999997;79.049999999999997;0.03936319926663473;0.94529830427202899;0.036787424814681537;0.93456389470516221;0.46753035046285207;0.68129052584096694;0.31810145761065795;0.68038675413422789;0.89749529083748647
3235;0.17972762255030839;-3.9050614864975537;0.012227664065736006;0.21510654341667296;0.01780448286887501;96.104051712019896;80.875;80.875;0.039992429093748019;0.95010538861442273;0.037565593664019119;0.93931762874317914;0.46873454463931047;0.68413835132985146;0.32024784985915533;0.68321793970953193;0.89908566665134027
3311;0.17870792851230385;-4.000908044324289;0.011952660295622381;0.21983813537015701;0.021604473732232884;98.066390403065583;82.775000000000006;82.775000000000006;0.041737761889030264;0.94795821079528431;0.039125861462214841;0.93742116710139423;0.47029944775789184;0.68684304708428401;0.32258211311937679;0.68590791389880745;0.90065074673710666
3388;0.1776749641231074;-4.0684895310262545;0.011600784096216421;0.22396870654447654;0.0197501521420093;100.03871980208883;84.700000000000017;84.700000000000017;0.043378409723147764;0.94788399847842042;0.04066823137530106;0.93752241345075205;0.47182919008871194;0.68998266166445466;0.32510449134768193;0.68903005192738653;0.90215546656520507
3467;0.17667699958066826;-4.1038564953664647;0.011165688541703184;0.22540605226708391;0.019975675202925418;102.06787189337174;86.675000000000011;86.675000000000011;0.044236999108535763;0.95287680417601861;0.041695675123353419;0.94255207097237337;0.47310548660255675;0.69333614461018389;0.32756439886141631;0.69237074635026241;0.90364949782501425
3548;0.17568282825741344;-4.1981735082054845;0.010900983867777849;0.23146396127147983;0.019657120539347241;104.14262592913623;88.700000000000003;88.700000000000003;0.046581235789915014;0.95032750357420503;0.043800589954138575;0.94030545157029821;0.47489362825088721;0.69681402174448093;0.33044569943483659;0.69583098145983435;0.90511693651967251
3630;0.1746695382298277;-4.2206774504566908;0.010461420021776238;0.23220072492621058;0.017189519955056441;106.22393939595955;90.750000000000014;90.750000000000014;0.047202497631876332;0.9554279846712147;0.044623332589471015;0.94535956417985012;0.47602504868893553;0.69975532085047176;0.33262580608378689;0.6987569393667461;0.90652222083785738
3715;0.17368753978626053;-4.3107334883595225;0.010195849264670192;0.23719652987096529;0.017021716711598932;108.39005529161633;92.875000000000014;92.875000000000014;0.049269023108412781;0.95441886828280509;0.046540546925293205;0.94462085888904745;0.47769628254721824;0.70311055915645559;0.3353905619774975;0.70210000418905416;0.9079370490752936
3801;0.17266749182355856;-4.3442471744204258;0.0098081357506039617;0.23865743035447132;0.015368283994984737;110.55416408615967;95.025000000000006;95.025000000000006;0.050131723094054462;0.95787538931545113;0.047529054453674238;0.94808339949741538;0.47887646912920068;0.70587933032382044;0.33753811201465839;0.70485424482945458;0.90927966980523445
3890;0.17166211852563715;-4.4046370750004717;0.0094886186869641773;0.24220126820671339;0.015615356974313536;112.79541488385618;97.25;97.25;0.051798655912402097;0.95982140069286082;0.049218339031753808;0.95018564024109187;0.48039973954382131;0.70952981786546543;0.34035882026104902;0.70849085094060926;0.91062048951206265
3981;0.17071239111704925;-4.4941437957519961;0.0092391249058539453;0.2459045971792001;0.019633994109093222;115.10064305267564;99.525000000000006;99.525000000000006;0.053475945489948273;0.96002045465706087;0.050833530199954839;0.95058684300420415;0.48188302855218995;0.71244587847004015;0.34281110629414696;0.71139900345550167;0.91195951043132895
4073;0.16961508450789547;-4.5664842007393309;0.0089634883450372699;0.24918865306042487;0.016099736071470052;117.35580434096499;101.825;101.825;0.054992539638331853;0.96021070488762628;0.052289644768545751;0.95084979003402703;0.4832241387748723;0.71505649314406838;0.34501777759378521;0.71399118940646378;0.913166242216218
4168;0.16867939012063285;-4.636451470636791;0.008685705983328882;0.25313380795267448;0.018305640933764866;119.74820708688736;104.2;104.2;0.056889081648145684;0.96154092762801535;0.054181466176830062;0.95240535806040949;0.4848163569817221;0.71870423239302783;0.34791985353309884;0.7176322508982832;0.91444947815726729
4265;0.16764873357427859;-4.6975439397329728;0.0083994053969269587;0.25690830109756774;0.016142783263754647;122.13938424592953;106.62500000000001;106.62500000000001;0.058750680642919086;0.96294743877573674;0.056045714183813079;0.95395855112647066;0.48635700694504197;0.72228290086432112;0.35075924656433677;0.72119706626118851;0.91564707666035672
4365;0.16660856755057465;-4.7784990636401634;0.0081528906177301512;0.25930174573760789;0.016561866991222893;124.59354356952952;109.12500000000001;109.12500000000001;0.059956620576201519;0.96345686802728692;0.057231023455478577;0.95454051454986755;0.48754590857614699;0.72435199112169912;0.35262025521800117;0.72325549043742499;0.9168233929296169
4466;0.16572360711015799;-4.8315625516467549;0.0078700158497136598;0.26299552220279432;0.015262305518001226;127.12737645593741;111.65000000000001;111.65000000000001;0.061882348814791481;0.96567065413661735;0.0592199292873501;0.95697610742911887;0.48915301654600801;0.72828498093149685;0.35570475635565368;0.72718504092511782;0.91803901374575003
4570;0.16467414177022882;-4.903266462475119;0.0076233452533749566;0.26651489837944276;0.013821728399750557;129.6525078675146;114.25;114.25;0.063675925216678086;0.96657773601467756;0.061002620986854134;0.95801703358487267;0.49060390668337639;0.73141433962587799;0.35828962177697499;0.73030323830708144;0.91914285557464703
4677;0.16367443360100883;-5.0421543446146515;0.0074824642049800411;0.27241083104942004;0.016440099415387908;132.26618226806406;116.92500000000001;116.92500000000001;0.066436659690627731;0.96434418636999686;0.063516111818495757;0.956040115717257;0.49242051754405558;0.73461494833089036;0.36118777833669335;0.73349457520193362;0.92025790201534141
4786;0.16271659892227031;-5.0573033866249597;0.0071618011839662578;0.27349357913403893;0.014296904963931815;134.93649243065025;119.64999999999999;119.64999999999999;0.067322785842956381;0.96843423196967426;0.06464247172721771;0.96018711819218194;0.4935463562505828;0.73762837070385878;0.36349857595327906;0.7365034132046635;0.92136400550690245
4897;0.16173176477841469;-5.149306755909751;0.0069621454626172348;0.27791992762904694;0.010369382288079121;137.62946724819562;122.42500000000003;122.42500000000003;0.069583878538035548;0.96841798159731163;0.066825630518753704;0.96036081809130336;0.49517037713311396;0.74092219788385771;0.36632207546568241;0.73978996398487307;0.92242026445232606
5011;0.16070680013574004;-5.2561042603347996;0.0067841922809202763;0.28162186203276146;0.016012040739516585;140.3653539155421;125.27500000000002;125.27500000000002;0.071535252087643969;0.96864114775362675;0.068725742523041533;0.96072552367383479;0.49663241600687952;0.74376286514096546;0.36881050248717784;0.74262269356591692;0.92343257139376145
5128;0.15975105634617626;-5.3431063708167885;0.0065823552044534349;0.28622313685404766;0.01495277458594599;143.19963880974149;128.19999999999999;128.19999999999999;0.073998268118920116;0.96917804344193681;0.071147464107853553;0.96147471983418409;0.49836415940038931;0.74744417088564885;0.37192935331641391;0.74630036350106632;0.92446757185290362
5248;0.15876868914521736;-5.4045551356178123;0.0063536214587664886;0.28865027753444139;0.014071423127499642;146.08209561286583;131.20000000000002;131.20000000000002;0.075487000891271069;0.97121445323055255;0.072741206150575902;0.96362559502595524;0.49966519190457181;0.7503707660738429;0.37436129268381313;0.74922427807480785;0.9254652011280039
5370;0.15781667110222738;-5.4775346812110737;0.0061471356225046032;0.29304367706180062;0.012109291434287503;149.01413585991321;134.25000000000003;134.25000000000003;0.077938934304320931;0.97210133627257356;0.075187463366696405;0.96469709315140095;0.50138366718807492;0.75409028362360364;0.37751147297590371;0.75293931111300982;0.92644779663560362
5495;0.15683179741426989;-5.580376584486185;0.0059785212021829081;0.29674647046123082;0.013242668553366173;151.98870343936156;137.375;137.375;0.080024658097024873;0.97249150661506467;0.077242850116857914;0.96523811477214694;0.50288659504346622;0.75700251782369465;0.38010596842541561;0.75584828104746304;0.92738826335589974
5623;0.15593680452951933;-5.675838143595576;0.0058047089090187539;0.30153767482894911;0.013211534617688475;155.07472676153725;140.57500000000002;140.57500000000002;0.082746797966598548;0.97310060668225073;0.079939003466401856;0.96606763561618325;0.50472357848254479;0.76081450801935724;0.3834190652130578;0.75966148909827058;0.92836513221612871
5754;0.15502291195309206;-5.7093576977352161;0.0055728426893494939;0.30346443004906354;0.0085480749029660102;158.21047121665774;143.84999999999999;143.84999999999999;0.084040713289822974;0.97491686038919256;0.081350626373778462;0.96799067010810014;0.5059045186922656;0.76328294567896349;0.38556620928812707;0.76213236893948644;0.92930821825043319
5888;0.1540042477130189;-5.8458831617931395;0.005447797200244929;0.30833910479659232;0.0096961229479409598;161.34231640602556;147.20000000000002;147.20000000000002;0.086809172012627792;0.97476035619753376;0.084031905169905649;0.96800721884182761;0.50767279813265775;0.76667995905360664;0.38863632582263968;0.7655252108289774;0.93016039474910051
6025;0.15308945186727194;-5.927405627290395;0.0052730952473497815;0.31194414958700811;0.011124844265847584;164.59440492406407;150.625;150.625;0.08903348743324388;0.97598128656644823;0.086307964556278816;0.9693876657475804;0.50926233250468533;0.76997619749741264;0.39153282125430439;0.76882344572519934;0.93105817172594607
6165;0.15214118305888388;-6.0163132505814101;0.0051097531484404681;0.31602784606375234;0.0090531032150439235;167.88315174019368;154.12500000000003;154.12500000000003;0.091501464938590626;0.97652803315572856;0.088765153878565373;0.97009543987233782;0.51092036494072723;0.77320778713967853;0.39445901307163239;0.77205576473232629;0.93191111773507551
6309;0.1512045350066181;-6.1190619306961587;0.0049606343099033359;0.32063321726765781;0.0095256154115608734;171.2631231815389;157.72499999999999;157.72499999999999;0.094321503728049261;0.97725261113578854;0.091586080803068015;0.97099894703896894;0.51275457156515447;0.77689112710082531;0.39776462202793156;0.77574076192783115;0.932759044922846
6456;0.15029361073367895;-6.2307371931473288;0.0048220977499046332;0.32408855917060952;0.00987059475045058;174.71555971186575;161.40000000000001;161.40000000000001;0.096487161273289226;0.97773238175669208;0.093748577419414503;0.97161711653928773;0.5142579469267976;0.77960499138570649;0.40032801770263632;0.77845762052875245;0.93360083591766529
6606;0.14940153110728704;-6.3026053266922499;0.0046566339007443891;0.32778230491668098;0.0081995958161751731;178.23612054296686;165.15000000000001;165.15000000000001;0.098875354549736325;0.97876866716854449;0.096187204092520726;0.97281273508998234;0.51589314694337318;0.78282790600628382;0.40326665704873116;0.78168640044562476;0.93443213110364254
6760;0.14853682238141111;-6.4045698004147953;0.0045171782257981867;0.33222015445289921;0.0099308244876546367;181.85811727444451;169;169;0.10171753817480321;0.97951563643817774;0.099046354465652631;0.97373920213680254;0.5177387083006999;0.78636471629231008;0.40654388778986261;0.78522984909550952;0.93526809608694861
6918;0.14754014849075237;-6.5336715774915151;0.0043988518866738772;0.33573109832721293;0.0094946672758404911;185.46854626218581;172.94999999999999;172.94999999999999;0.10396612776184516;0.97966834362236355;0.10126384480457615;0.97400804458679924;0.51921485782093058;0.78887776039735169;0.40900857483010361;0.7877443579843868;0.93599892570841847
7079;0.14679260115944989;-6.5889119232377968;0.0042345383673483466;0.33944248316110542;0.007825622278613914;189.30983001505751;176.97500000000002;176.97500000000002;0.10650460396378643;0.98103837147873973;0.10390117531393082;0.97555571728391366;0.52096893576880432;0.79229908172179087;0.41217928150151223;0.79117823194822734;0.93687672333931538
7244;0.14578407942195545;-6.7578910673341692;0.0041467541526748891;0.34334874345317168;0.0088702164450072361;193.041175721082;181.09999999999999;181.09999999999999;0.10900879668214143;0.98078476669523451;0.10632966861041604;0.97542282684270465;0.52252486525844222;0.79478630927192495;0.41471111055036081;0.79366770487609917;0.93755948714895254
7413;0.14491181910610959;-6.8350791776857296;0.004003398662304509;0.34742185017232974;0.0069857460020730077;196.9505606968645;185.32500000000002;185.32500000000002;0.11179422625437137;0.98176252912033368;0.1091724623486882;0.9765483067102434;0.52432575954882488;0.79817836066181758;0.41792255524958949;0.79706660914238914;0.93832012826699629
7585;0.14408552870410843;-6.9586744392595188;0.003891882863534599;0.35176116952708336;0.0074659866373061393;200.94676010869816;189.62500000000003;189.62500000000003;0.11473989005527907;0.98228380439884933;0.11212709666625388;0.97722855244356255;0.52618474945065863;0.8014284376211781;0.4211193825987809;0.80032608896102198;0.93908872671608778
7762;0.14324840604114783;-7.0584566204181796;0.0037683652108842654;0.35674034465587007;0.0063070178859200897;205.03981926959619;194.05000000000001;194.05000000000001;0.11816724897891881;0.98299015225972153;0.11557967773628981;0.97810246692727332;0.52828399572910878;0.80521019465399868;0.4248020947040177;0.80411691086293269;0.93984112795522234
7943;0.14236192125621513;-7.1607347576237537;0.0036494659437129049;0.35957790336507789;0.0058754878290978498;209.16977819083797;198.57499999999999;198.57499999999999;0.12020402056970064;0.98358238513594265;0.11765625259181642;0.978804635936392;0.52967079307279297;0.80748273731186482;0.42712571720150527;0.80639847012067578;0.94054213329089487
8128;0.14153406837094726;-7.3173999874211173;0.0035606983372301389;0.36489691252304407;0.0075709260886270939;213.42287671034441;203.19999999999999;203.19999999999999;0.1238896159662211;0.98382301627177682;0.12131452572832069;0.97921464024392069;0.53185833584870679;0.81112620731776675;0.43083330485098154;0.81005274489772594;0.94126689833251542
8317;0.14064710759643267;-7.4256554929829477;0.0034498899943233665;0.36816523763282849;0.0075021335277074249;217.70101074089871;207.92499999999998;207.92499999999998;0.12626976857804911;0.98439609531362404;0.12373060092301527;0.9798909296846906;0.53339877402906799;0.81364316292561645;0.43342739938028574;0.81257666962066499;0.94193291242750599
8511;0.13984492169531224;-7.5434053270436152;0.00334562854804186;0.37230842237407646;0.0073926543784758447;222.15170402213727;212.77500000000003;212.77500000000003;0.12928741814394898;0.98501167796239053;0.12678490245743895;0.98064378017260956;0.53527927034167899;0.81674191283351161;0.43662030093103188;0.81568692292591272;0.94264742046266925
8709;0.1390207851008563;-7.6607206179118981;0.0032439421575419249;0.37526881999512252;0.0055639145587692441;226.65709763648536;217.72500000000002;217.72500000000002;0.13149602685490436;0.98548666214005842;0.12902760572248856;0.98122816946294877;0.53673741628586757;0.81897381785727552;0.43901391613505608;0.81793052396637145;0.9433286239742561
8912;0.1381961835997754;-7.8077458931423056;0.0031565381612904913;0.38067966639668926;0.0064213911531851922;231.26079973326588;222.79999999999998;222.79999999999998;0.13543131713465978;0.98579807608823733;0.13295117139687243;0.98168705887042851;0.53902948568932585;0.8226309586753725;0.44286558209033233;0.82159806438785732;0.94399765291365134
9120;0.13746057235488471;-7.9373088611579732;0.0030633690811156244;0.38544063009917506;0.0084144278375959617;236.04511643120321;228;228;0.13901162715069917;0.98643567263745724;0.13657462198459822;0.98246905517148531;0.54119434999026139;0.82607315326990927;0.44651471728008502;0.82505428463567643;0.94471680609160325
9332;0.13664399022249193;-8.0620316757208244;0.0029708975107486653;0.38926471745944136;0.0066252629598019148;240.82596570938816;233.30000000000004;233.30000000000004;0.14191844882633184;0.98681335276558402;0.13950011649924188;0.9829597043436592;0.5429748961961175;0.82873364345273715;0.44943466022161865;0.82772640755621052;0.94536056408562408
9549;0.13584341242150907;-8.1731293930059827;0.0028756199428136443;0.39274199882261684;0.0048252146582106747;245.71802072145829;238.72500000000002;238.72500000000002;0.14462414267107415;0.987323436149947;0.1422499961762253;0.98358402372521936;0.54466677305227906;0.83125824618192057;0.45221793720498399;0.83026532841499123;0.94600264782645249
9772;0.13508167539110214;-8.3420606745726076;0.0028020728725121121;0.39747565059978601;0.0071041809922197247;250.76997075298564;244.30000000000001;244.30000000000001;0.14826881666404507;0.9876839072656397;0.14590618563644223;0.98406521964118587;0.54682055302308952;0.83442255299850743;0.45574286335362751;0.83344135628051963;0.94666397223603671
10000;0.13432761166537596;-8.4423425807012684;0.0027070371457915163;0.40058694809218637;0.0057506462416948463;255.9252553653065;250;250;0.15077409586931742;0.98825069824449863;0.14847205680382117;0.98473186622527298;0.54842453613909448;0.83673431976287205;0.45835508247139922;0.83576691462095465;0.94731669938251772
