OmegaScattering;OmegaStorageRetrieval;sigma;Deltac;delta;tNoInteractionAbs;tNoInteractionArg;t_storage;t_retrieval;t_to_pass_ensemble;P_success;F_swap;F_CJ;F_CJ_conditional;P_success_tNoInteraction_one;F_swap_tNoInteraction_one;F_CJ_tNoInteraction_one;F_CJ_conditional_tNoInteraction_one;single_photon_storage_retrieval_eff
1;1;0.13424667358398429;-8.3966763642838878;0.0026921694910068735;0.40504631355259524;0.0096060165379034512;255.84242067084782;250;250;0.15419500674578149;0.98869577443858048;0.15191614780862558;0.98522092909977932;0.55012008403071078;0.83974853543768546;0.46142673107918908;0.83877455936226042;0.94726001625971179
1.0232929922807541;1.0232929922807541;0.13424550533294671;-8.3965299752763176;0.002818954713086695;0.40504506739776885;0.0096067140100887863;244.32647310181881;238.74814650535902;238.74814650535902;0.15419423631891768;0.98869798916603302;0.15191576148185523;0.98522334627119323;0.55011944938536139;0.83974940563943967;0.46142671074440239;0.83877549005029028;0.94725919718595841
1.0471285480508996;1.0471285480508996;0.13424445152282705;-8.3972960618546857;0.0029520332767180549;0.40504881942709747;0.0096057060918879264;233.32898676121093;228.00270983897741;228.00270983897741;0.15419639299883517;0.98869421839721461;0.15191729524185135;0.98521951316331358;0.5501198576502393;0.83974888648864687;0.46142675088327983;0.83877494052696122;0.94725845832566213
1.0715193052376064;1.0715193052376064;0.13424469947814932;-8.3963626054337848;0.0030907564656834537;0.40504320318787068;0.0096013296606374914;222.8276734843144;217.74089748902014;217.74089748902014;0.1541931430450621;0.9887009383083194;0.15191517291690676;0.98522651472582268;0.550118835218109;0.83975045318946417;0.46142680889001231;0.83877660488950101;0.94725863217705264
1.0964781961431851;1.0964781961431851;0.13424180030822747;-8.3993174699357382;0.0032375203540839668;0.40505870026276414;0.0096106824711543262;212.79630817409293;207.94094277566771;207.94094277566771;0.15420204235511323;0.98868391703720571;0.15192124075928265;0.98520900526999444;0.55012093885073055;0.8397472378494576;0.46142670039154382;0.83877320022669966;0.94725659937959894
1.1220184543019633;1.1220184543019633;0.13425212383270257;-8.3993910459092493;0.0033900659577474823;0.40505613034831917;0.0096058181866297242;203.22728916364557;198.58205868107041;198.58205868107041;0.15420091939915184;0.98868056132386706;0.15191944905743401;0.98520456070814855;0.55012382708462637;0.83974328558602651;0.46142678754442762;0.83876895496374426;0.94726383714490059
1.1481536214968828;1.1481536214968828;0.1342360544204711;-8.3982752469590505;0.0035492862883192717;0.40505311959237544;0.0096024796223330815;194.06807872622653;189.64439375729592;189.64439375729592;0.1541986370914156;0.98869459013387284;0.15191968823042043;0.98522069387912869;0.55011799073799406;0.83975172641198159;0.46142686238464259;0.83877798972840245;0.94725257008766384
1.1748975549395295;1.1748975549395295;0.13424924850463854;-8.3959028867295569;0.0037154188439629567;0.40503645611411887;0.0095994712194471359;185.34335874517188;181.10899001874751;181.10899001874751;0.15418936871771491;0.98870618861375248;0.15191223571034282;0.98523158226595375;0.55011898262974968;0.83975027160468962;0.46142681771891825;0.83877639617732569;0.94726182147304427
1.2022644346174129;1.2022644346174129;0.13424742221832264;-8.3963483003190316;0.003890647864855208;0.4050383599886741;0.0095990245159780808;177.00024036635588;172.95774272973412;172.95774272973412;0.15419042101181843;0.98870509716950261;0.15191312301900836;0.98523061304414283;0.5501187693010835;0.8397506103029917;0.46142684008962742;0.83877676210877583;0.94726054112186708
1.2302687708123816;1.2302687708123816;0.13424279212951651;-8.3995409158280641;0.0040754910504222494;0.40505546424374939;0.0096047470324378131;169.03078648200682;165.17336200189897;165.17336200189897;0.15420022375617701;0.98868739112617277;0.15191999630756198;0.98521255421638976;0.55012065256289711;0.83974787134392515;0.46142682634301985;0.83877386568442525;0.94725729482838728
1.2589254117941673;1.2589254117941673;0.13424611091613764;-8.3977975038102421;0.0042665624134089726;0.40504458133173715;0.0095971371401851868;161.42529100885486;157.73933612004831;157.73933612004831;0.15419402383566655;0.98869857107812376;0.15191564213005945;0.98522392989733965;0.5501196008604009;0.83974957009476492;0.46142692941817548;0.83877565659629683;0.9472596217703263
1.288249551693134;1.288249551693134;0.13424532413482654;-8.3986765054276713;0.0044680059520214206;0.40504834442293214;0.009599135532917075;154.1594709119986;150.63989651858941;150.63989651858941;0.15419618048942516;0.98869452199830266;0.15191712585573425;0.98521977245832493;0.55012008311341465;0.83974884118880055;0.46142690920195473;0.83877488454975269;0.9472590701436272
1.318256738556407;1.318256738556407;0.1342336130142211;-8.3969729569962759;0.0046774929005241684;0.40504096845707399;0.0095945661589026052;147.21425472490094;143.85998433428927;143.85998433428927;0.15419149965505435;0.98871092540897898;0.15191532315313253;0.98523798972696985;0.55011479981272915;0.8397564363291512;0.4614269467016473;0.83878300830795116;0.94725085786557905
1.3489628825916535;1.3489628825916535;0.13426486492156969;-8.3975237992814336;0.0048981304767900143;0.40503568221226038;0.0095910963904600223;140.60609866155283;137.38521846440617;137.38521846440617;0.15418949367229345;0.98869747035503841;0.15191073675567857;0.98522106232829298;0.55012397946488234;0.83974348822861578;0.4614270038806052;0.83876911588083358;0.94727276704386831
1.3803842646028848;1.3803842646028848;0.13424637317657456;-8.3982989457658093;0.0051293096013857852;0.40504282924475432;0.0095929457460426464;134.26784966405785;131.20186506244318;131.20186506244318;0.15419303324189287;0.98870065391521444;0.15191499973930314;0.98522609319828325;0.55011935936344514;0.83975006363258009;0.46142701397484071;0.83877617851654551;0.94725980564320111
1.4125375446227544;1.4125375446227544;0.13424695491790761;-8.3981532243302617;0.0053707934064383938;0.40504079654854847;0.0095902767513781594;128.22509936731367;125.29680840681806;125.29680840681806;0.15419187748066032;0.98870283567174566;0.15191420532315947;0.9852283259357385;0.55011915397994871;0.83975044486896011;0.46142706310607862;0.83877658097848595;0.94726021350215084
1.4454397707459274;1.4454397707459274;0.13424109935760487;-8.4022322801163938;0.005626511885645908;0.40506269971838094;0.0095965197993297027;122.45115087884163;119.65752308065962;119.65752308065962;0.15420443234556225;0.98868012316476206;0.15192300324198904;0.98520516518967061;0.5501215888333173;0.83974691159732151;0.46142705130381623;0.83877284707622179;0.94725610787318504
1.4791083881682074;1.4791083881682074;0.13424397468566884;-8.4006452706864625;0.0058903629887599451;0.40505200035307626;0.0095935950863777694;116.94128633302962;114.27204740371876;114.27204740371876;0.1541983041365686;0.9886912136313537;0.1519187083736738;0.98521646670720953;0.55012040856673228;0.83974863807624323;0.46142706378885373;0.83877466933292366;0.94725812399274967
1.5135612484362082;1.5135612484362082;0.13425043582916252;-8.399799456935245;0.0061671280018152815;0.40504465962848596;0.0095891078425453732;111.68094796398083;109.1289580600415;109.1289580600415;0.15419426015425095;0.98869604812647527;0.15191541147933799;0.98522092409514284;0.55012107444789726;0.83974780354374168;0.46142711977178996;0.83877375582253277;0.94726265383430397
1.5488166189124815;1.5488166189124815;0.1342478132247924;-8.3986947206071179;0.00645668595225925;0.40503790943128737;0.0095859770401620237;106.65335839035711;104.21734586758383;104.21734586758383;0.1541902445205055;0.98870586933764182;0.15191307463239698;0.98523142696096;0.5501188802557937;0.8397509616572667;0.46142713360098886;0.83877712647570823;0.94726081524941053
1.5848931924611136;1.5848931924611136;0.13424933910369868;-8.3977257875016491;0.0067599365518340813;0.40503110374432411;0.0095795815541527343;101.85378824226656;99.526792638374303;99.526792638374303;0.15418634477541654;0.98871321760988473;0.15191039688366922;0.98523897887933987;0.55011803879487808;0.83975228236989996;0.46142719848011271;0.83877852740648728;0.94726188498752062
1.62181009735893;1.62181009735893;0.13424776554107659;-8.3992718843034062;0.0070795719798806937;0.40503798225515519;0.0095814653845943919;97.269000351841669;95.047349080140293;95.047349080140293;0.15419030811767007;0.98870600376551909;0.1519131620335312;0.98523158743284256;0.55011890193931579;0.83975111319099727;0.4614272389660854;0.83877728494591142;0.94726078181935691
1.6595869074375607;1.6595869074375607;0.13422825813293449;-8.4018987802079472;0.0074152779660988846;0.40505458323392607;0.0095879965456855815;92.883925398067504;90.769513692525337;90.769513692525337;0.15419930763273126;0.98869840230885231;0.15192108134886709;0.9852254441421332;0.55011581420417532;0.83975542891337229;0.46142721376431112;0.83878194709205822;0.94724710194835005
1.6982436524617444;1.6982436524617444;0.13424277305603016;-8.4033035424760172;0.007765735221199048;0.40505718389608814;0.0095849395901995982;88.708610989099483;86.684212613132914;86.684212613132914;0.15420133543015696;0.98868614803214239;0.15192090242059522;0.98521132775406717;0.55012109882928462;0.83974805637732608;0.46142730158679229;0.83877404914801124;0.94725728145454746
1.7378008287493754;1.7378008287493754;0.13424438953399653;-8.4026120332291843;0.0081306865820814679;0.40505096465263246;0.0095850210281538742;84.716613627043884;82.782780370647785;82.782780370647785;0.15419776111519967;0.98869252493639148;0.15191838277181821;0.9852178246500054;0.55012038450548639;0.83974900918066753;0.46142725681386315;0.83877505689713505;0.9472584148626364
1.7782794100389228;1.7782794100389228;0.13424328088760362;-8.4037668136170645;0.0085146659949138608;0.40505547524160512;0.0095848590625367529;80.903379121995115;79.056941504209476;79.056941504209476;0.15420035539232413;0.98868785667713588;0.15192020413510593;0.98521306094647498;0.55012092321680373;0.83974828643964283;0.46142728786932224;0.8387742919704817;0.94725763753061221
1.8197008586099834;1.8197008586099834;0.13424660921096787;-8.401946440081911;0.0089135514004612029;0.40504316781433103;0.0095747798799121903;77.263155949547709;75.498793010050406;75.498793010050406;0.15419332272620589;0.9887008058431902;0.15191531490005067;0.98522628745603869;0.55011958811264772;0.83975041283612706;0.46142740369184843;0.83877653816130282;0.94725997112776816
1.8620871366628675;1.8620871366628675;0.13424555063247667;-8.4030648139527599;0.0093344182223613174;0.40504727049628475;0.0095751346227433767;73.785428649194074;72.100787578165139;72.100787578165139;0.15419569885938322;0.98869660732930398;0.15191699634930569;0.985222009907322;0.55012007990769296;0.83974982037487922;0.46142747030936249;0.83877590941015534;0.94725922894643821
1.9054607179632472;1.9054607179632472;0.13424643754959092;-8.4032662299683842;0.0097740495562222592;0.40504602184786109;0.0095707573743794138;70.464787320876866;68.855717583454165;68.855717583454165;0.15419502266136473;0.98869768167395544;0.15191649236748261;0.98522306197336795;0.55012014270148479;0.83974987812860191;0.46142755372618932;0.83877596530141363;0.94725985077547026
1.9498445997580451;1.9498445997580451;0.13423268556594839;-8.4046148208192157;0.010235786876622294;0.40505380933235646;0.0095755319907661635;67.289647513583077;65.756699797384556;65.756699797384556;0.15419907684649767;0.98869700435628294;0.1519205723957997;0.98522361808322512;0.55011717832239426;0.83975399630148828;0.46142750597349236;0.83878039835192053;0.94725020739197108
1.9952623149688795;1.9952623149688795;0.13424439668655391;-8.4051649478486361;0.01071826515051552;0.40505181834333492;0.0095694921386258736;64.26412516865264;62.7971607877395;62.7971607877395;0.15419834149204101;0.98869214452677268;0.15191890150945903;0.98521748054793679;0.55012063942723877;0.83974928361047707;0.46142762543558269;0.8387753382894354;0.94725841987758075
2.0417379446695292;2.0417379446695292;0.13424727201461789;-8.4059308436921452;0.011223754619321182;0.40505257629485747;0.0095695774436341946;61.372468997850575;59.970822975487266;59.970822975487266;0.15419887954344497;0.98868941071668526;0.15191895075855438;0.98521436218187164;0.55012172925501424;0.83974773692308569;0.46142762858368558;0.83877368234219729;0.94726043581595509
2.0892961308540396;2.0892961308540396;0.13424599885940547;-8.4052345660737355;0.011750975226994916;0.40504629130348385;0.0095678233272005093;58.609954377613562;57.271691319194318;57.271691319194318;0.15419517818288403;0.98869777846763018;0.15191666904353882;0.98522321407065805;0.55012006628279286;0.8397501098035608;0.46142762498981849;0.83877621136004621;0.94725954320604044
2.1379620895022322;2.1379620895022322;0.13426443815231315;-8.4042014506867719;0.01230241541938794;0.40503397336862967;0.0095592922504066022;55.976200545271141;54.694040598738809;54.694040598738809;0.15418865070685484;0.98870105125616781;0.15191050568976741;0.9852249500424084;0.55012366714617156;0.83974518630857109;0.46142772600454646;0.83877090472812177;0.9472724679825727
2.1877616239495525;2.1877616239495525;0.13424521088600144;-8.4068714586308815;0.012885462274092145;0.40504951398339473;0.00956394294324487;53.452745195669571;52.232403271350996;52.232403271350996;0.15419705246636592;0.98869463109467692;0.15191802289224976;0.98522001855636465;0.55012047315870549;0.83974973534616504;0.46142774673165937;0.83877581229110343;0.9472589907418546
2.2387211385683399;2.2387211385683399;0.13423577427864064;-8.4055720773747797;0.013489622320076588;0.40504181401239792;0.0095572497535327088;51.045048365898296;49.881557874221983;49.881557874221983;0.15419226626816188;0.98871005920639721;0.15191592818382518;0.98523701519259188;0.55011587554856745;0.83975642438277309;0.46142782411952621;0.83878296306100453;0.94725237362267867
2.2908676527677732;2.2908676527677732;0.13424525737762444;-8.4081238416245814;0.014128624649614799;0.40505020818181936;0.0095532281720323124;48.749492078278124;47.636517949081181;47.636517949081181;0.15419752082970845;0.98869415389917725;0.15191841231812134;0.98521955152505925;0.55012068879133591;0.83974985155165061;0.46142799167605847;0.83877592876911578;0.94725902333839584
2.344228815319922;2.344228815319922;0.13424190044403075;-8.4111130384019273;0.014798640223247351;0.40506335839318364;0.0095594635979899915;46.554778323105431;45.492521465249588;45.492521465249588;0.15420504515300543;0.98868033546688761;0.15192364889193938;0.98520543696347673;0.55012218368614141;0.83974757749097684;0.46142792419386319;0.8387735268227603;0.94725666959400778
2.3988329190194904;2.3988329190194904;0.13420133590698247;-8.4108201650193575;0.015494216857270289;0.40506762328477153;0.0095539173766513719;44.452253505497112;43.445020718734391;43.445020718734391;0.15420617988107305;0.9887012822900324;0.15192871801103422;0.98523105966443592;0.55010978715353276;0.83976540228119712;0.46142803693338003;0.8387926332323149;0.94722821037680405
2.4547089156850306;2.4547089156850306;0.13424701213836671;-8.4090778974107163;0.016219586644994892;0.40504417055145736;0.0095438095532423932;42.459330674589637;41.489672685939006;41.489672685939006;0.15419410241270709;0.98870056077184054;0.15191605457647261;0.98522610268104038;0.55012010114009857;0.83975096537307259;0.46142814505684915;0.8387771035825824;0.94726025361909372
2.5118864315095801;2.5118864315095801;0.13424619197845461;-8.4106208947709469;0.016985571430073086;0.40504901960557688;0.0095385851238403326;40.548212967491139;39.622329811527834;39.622329811527834;0.15419693538214224;0.98869558572297045;0.15191806027663474;0.98522100909554511;0.55012083326468419;0.83975022851407177;0.46142832637667125;0.83877631690174592;0.94725967860389637
2.5703957827688639;2.5703957827688639;0.13425364971160886;-8.4103447106889142;0.017783757568714427;0.40504179730112644;0.0095329988343574798;38.72439799736118;37.839031210905198;37.839031210905198;0.15419300224602295;0.98869964234903551;0.15191473425717716;0.98522456949628179;0.55012185641960176;0.83974891496374615;0.46142840011001268;0.83877489091809732;0.94726490675732145
2.6302679918953817;2.6302679918953817;0.13423065185546873;-8.412101950984324;0.018623949685480205;0.40505185282273187;0.0095374076042751693;36.978110842202895;36.13599426864819;36.13599426864819;0.15419807282363071;0.98870212891693909;0.15192045651726518;0.98522928163330148;0.5501163287909524;0.83975670427879112;0.46142836887709054;0.83878326224422284;0.9472487809746164
2.6915348039269156;2.6915348039269156;0.13424978256225589;-8.410591712336867;0.019496027926997853;0.40503545430829546;0.0095232833560836786;35.316524391242751;34.509606615072123;34.509606615072123;0.15418920512209017;0.98871003429790583;0.15191272639159201;0.98523580993432325;0.55011935989068761;0.83975273263234962;0.46142854784912751;0.83877896596988777;0.94726219587178273
2.7542287033381663;2.7542287033381663;0.13423482894897465;-8.4144139436295919;0.020421990958581777;0.4050544574617051;0.009525931244720804;33.725001467687967;32.956418463910182;32.956418463910182;0.15419979532283457;0.98869684445928319;0.1519212498344826;0.98522342079909009;0.55011827642803512;0.83975442981947956;0.46142865833762836;0.83878081879723032;0.94725171064664471
2.8183829312644537;2.8183829312644537;0.13424461364746099;-8.4158551362565461;0.021385671335074241;0.405055096533534;0.0095213883712937809;32.208387068913616;31.473135294854185;31.473135294854185;0.15420052144126742;0.9886900450113989;0.15192073389095134;0.98521543553155611;0.55012162514766516;0.83974985660697199;0.4614287692405501;0.83877591453833888;0.94725857199784547
2.8840315031266059;2.8840315031266059;0.1342482948303223;-8.4152829316666988;0.022389262756343072;0.40504621007031605;0.0095135075543296282;30.759223810427635;30.056610865435321;30.056610865435321;0.15419550003772728;0.98869863758366194;0.15191712067031041;0.9852240865209464;0.55012109210326088;0.83975085626341928;0.46142889800375886;0.83877696134062429;0.9472611528902799
2.9512092266663861;2.9512092266663861;0.13423016548156746;-8.4166409638932613;0.023445277326490314;0.405052282258478;0.0095097453344099355;29.372700355984389;28.703840537422064;28.703840537422064;0.15419845361666168;0.98870305239232814;0.15192100192552918;0.98523038566395582;0.55011640222759151;0.83975771669532462;0.46142901401184822;0.83878432299669559;0.94724843982678686
3.0199517204020161;3.0199517204020161;0.13419875144958507;-8.4175457147172352;0.02454962304293095;0.4050585160826346;0.0095103318747853348;28.04718579983054;27.411954903579627;27.411954903579627;0.15420102125493115;0.98871560635968458;0.15192600047035978;0.98524639612593601;0.55010736454635445;0.83977058250093228;0.46142902620215287;0.83879812549441124;0.94722639611054193
3.0902954325135905;3.0902954325135905;0.13423640251159685;-8.420221343379346;0.025711291972607277;0.40505845313998623;0.009502740575666583;26.788889517848091;26.17821370127249;26.17821370127249;0.15420230817589275;0.98869199736068392;0.15192293567765644;0.98521829844702247;0.55011971742459431;0.83975335343673496;0.46142922510857798;0.83877965194335491;0.94725281420382423
3.1622776601683795;3.1622776601683795;0.13425135612487804;-8.4219684747270023;0.026924753150886251;0.40505812143061953;0.0094992500729594361;25.584721299232655;24.999999999999996;24.999999999999996;0.1542026392388334;0.98868299812288674;0.15192160222621953;0.98520753585105025;0.55012455802024163;0.83974660325984496;0.46142930351242967;0.83877241396565971;0.94726329897931927
3.2359365692962827;3.2359365692962827;0.13424421072006243;-8.4229542401841577;0.028192682478893512;0.40505882485552158;0.0094904972109039146;24.432520776881859;23.874814650535896;23.874814650535896;0.15420285554860683;0.98868707192909033;0.15192257746319604;0.98521247821709756;0.55012241064260337;0.83975002105805341;0.46142951364937268;0.83877607005752108;0.94725828948806845
3.3113112148259112;3.3113112148259112;0.13425322771072401;-8.4231786397508071;0.029517414218844358;0.40505119143859969;0.0094830979302743847;23.333717839069891;22.800270983897743;22.800270983897743;0.15419874522479929;0.98869073035572097;0.15191899101347062;0.98521548143595383;0.5501238713574006;0.83974817077019304;0.46142963564662232;0.83877406466305471;0.94726461094708136
3.3884415613920256;3.3884415613920256;0.13423997163772594;-8.423465600352614;0.030904386491476581;0.40504885072145069;0.0094736243655312302;22.282345915906596;21.774089748902014;21.774089748902014;0.15419696761636409;0.98870228223217294;0.15191929220702163;0.98522879246880379;0.55011910732824865;0.83975522359658206;0.46142979239062792;0.83878161337031876;0.94725531709663502
3.4673685045253166;3.4673685045253166;0.13424679994583139;-8.4260965970567163;0.032365428093196355;0.40505376171622443;0.0094727668651601749;21.28005641926098;20.794094277566771;20.794094277566771;0.15420008299062665;0.98869217860829861;0.15192063945479689;0.9852176244550509;0.55012233953523015;0.83975078860073549;0.46142989191280487;0.83877686607426827;0.94726010485186929
3.548133892335755;3.548133892335755;0.1342560124397279;-8.4276755002549582;0.033890934321598891;0.40505263186856322;0.0094617174885155021;20.32304504057592;19.858205868107031;19.858205868107031;0.15419979661802216;0.98868809559244564;0.15191957449326071;0.98521254778039735;0.5501251859194185;0.83974717755683592;0.46143014341300725;0.83877298335618622;0.94726656289758349
3.630780547701014;3.630780547701014;0.13424627542495743;-8.4290073064378177;0.035486996906420896;0.40505391782312505;0.0094547848452533612;19.407601394624514;18.96443937572959;18.96443937572959;0.15420025672685894;0.98869303160724376;0.15192096489895418;0.98521862494728418;0.5501222996706765;0.83975157188807781;0.46143031148019581;0.83877768953635401;0.94725973710893363
3.715352290971726;3.715352290971726;0.13423608064651504;-8.4310886052659448;0.037161239261129672;0.4050589535298591;0.0094485204775178137;18.533359581156326;18.110899001874746;18.110899001874746;0.15420288231725823;0.98869379467065843;0.15192382372922653;0.98522038917960852;0.55012000522554172;0.8397551374097888;0.46143049144187187;0.8387815150490513;0.94725258848004512
3.8018939632056115;3.8018939632056115;0.13424151659011851;-8.4355348256638951;0.038925179638588971;0.40507266255285668;0.0094456782999762703;17.699605887635414;17.295774272973414;17.295774272973414;0.15421108576117684;0.98867405284031995;0.15192865585924287;0.98519931371556047;0.5501245417607743;0.83974892003094481;0.46143064653296301;0.83877488005910394;0.94725640043764281
3.8904514499428058;3.8904514499428058;0.13424849748611459;-8.4351205495408479;0.040748606883015071;0.40505936180612723;0.0094355698284053525;16.903464435211067;16.517336200189902;16.517336200189902;0.15420361503870678;0.98868592297166935;0.15192310873098783;0.98521107104300687;0.55012422028687935;0.83974968625243895;0.46143080665665059;0.83877566127887115;0.9472612949655379
3.9810717055349722;3.9810717055349722;0.13422183275222788;-8.4370526698640305;0.042669032048523667;0.40506620987978248;0.0094267385580519697;16.140961331511765;15.773933612004832;15.773933612004832;0.15420675595614836;0.98869507559025072;0.1519280617205678;0.98522312319293881;0.55011691751984459;0.83976047126364117;0.46143104339054297;0.8387872263061199;0.94724259445879566
4.0738027780411272;4.0738027780411272;0.1342427849769593;-8.4405976680329751;0.044688143057749027;0.40507034246507051;0.0094172879907772448;15.415790504555169;15.063989651858945;15.063989651858945;0.15420992712236817;0.98867715753680285;0.15192800964044226;0.98520252538531339;0.55012464507741576;0.83974989127718103;0.46143128812179962;0.83877588879310283;0.94725728981317481
4.1686938347033538;4.1686938347033538;0.13426061153411872;-8.4386887458375419;0.046771607492525458;0.40504523990644403;0.0094044711904868409;14.723015499751352;14.385998433428925;14.385998433428925;0.1541959432798696;0.98869625180439258;0.15191705547661444;0.98522083165885288;0.55012551608086457;0.83974891758175185;0.46143141097537305;0.83877478409408279;0.94726978629969971
4.2657951880159271;4.2657951880159271;0.13424606323242194;-8.4425702956727466;0.048985713351422468;0.40505795779527448;0.009400567616483689;14.059552414825532;13.738521846440612;13.738521846440612;0.15420290232789735;0.9886905526358607;0.15192320466880563;0.98521624674583508;0.55012333298135507;0.83975234258036613;0.46143160952739504;0.83877847359554558;0.94725958833872781
4.3651583224016601;4.3651583224016601;0.13423464298248294;-8.4455122855714269;0.051298167065134813;0.40506468739973356;0.0093906707164237799;13.426154922698592;13.120186506244311;13.120186506244311;0.15420649783028723;0.98869017632592093;0.15192685505955583;0.98521694738674204;0.55012099926410718;0.83975611066901179;0.46143187626850318;0.83878251672951443;0.94725158022319633
4.4668359215096318;4.4668359215096318;0.13424554347991946;-8.4478565362504412;0.053715210214992627;0.40506263584851698;0.0093767762173824244;12.822437538737944;12.529680840681804;12.529680840681804;0.15420574509982268;0.98868621109139077;0.15192532673013995;0.98521184558846009;0.55012422848876508;0.83975204717649332;0.46143217995370062;0.83877814511331639;0.94725922393166884
4.5708818961487507;4.5708818961487507;0.13424119472503662;-8.4532955316117704;0.056266261363934658;0.40508026736570635;0.0093669609314488318;12.245119759482368;11.965752308065953;11.965752308065953;0.15421593875098205;0.9886683038513483;0.15193255891883109;0.98519361973448139;0.55012638236893896;0.83974951626780148;0.46143251180752659;0.83877546432243211;0.94725617474536683
4.6773514128719826;4.6773514128719826;0.13421683788299565;-8.4508959916642574;0.058882189623051383;0.40505973321298161;0.0093484765669355034;11.692859154419118;11.427204740371872;11.427204740371872;0.15420322376436363;0.98870909604291513;0.15192695099738299;0.98523848781229773;0.55011440562171487;0.83976709924458448;0.4614327996840219;0.83879424892087862;0.94723908994681871
4.786300923226384;4.786300923226384;0.13427795886993421;-8.4545315888932677;0.061663488670131147;0.40505104729523528;0.0093330300347024622;11.169324382055002;10.912895806004148;10.912895806004148;0.15420030814868627;0.98868113928435442;0.15191871352115718;0.98520369605663127;0.5501327329841682;0.83974158318014713;0.4614331093380622;0.83876686783395127;0.94728194102210794
4.8977881936844625;4.8977881936844625;0.13424682140350364;-8.4580127862504444;0.06457395375893496;0.40506202797343549;0.0093243560063162433;10.665293523678315;10.421734586758383;10.421734586758383;0.15420571703005811;0.98868824636022923;0.15192563628086975;0.98521403231279725;0.55012480813936815;0.83975333709092581;0.46143339978323966;0.83877947868575398;0.94726011989577752
5.0118723362727238;5.0118723362727238;0.13424613952636738;-8.4615138438752595;0.067620817477214476;0.4050655469182558;0.0093113395960215672;10.185248460387044;9.9526792638374264;9.9526792638374264;0.1542078207661865;0.98868501889067051;0.15192720652519506;0.98521077446228;0.5501253618405082;0.83975312078838471;0.46143373376829511;0.83877924156144168;0.94725964182924038
5.1286138399136485;5.1286138399136485;0.13424726009368915;-8.4640234378388843;0.070801798549510409;0.40506268722019428;0.0092954319658829741;9.7268803680754825;9.5047349080140311;9.5047349080140311;0.15420627545495899;0.98868834483808443;0.15192621162241926;0.98521419555843115;0.55012524216116843;0.83975389902160269;0.46143408143425496;0.83878005601326344;0.94726042745833827
5.2480746024977254;5.2480746024977254;0.13424861788749709;-8.4665202704480613;0.074130970186676928;0.40505895946728532;0.0092784336846987829;9.2891490909463315;9.0769513692525354;9.0769513692525354;0.15420423388942367;0.98869256837667985;0.15192486944491762;0.98521853526965719;0.5501250287936772;0.83975481901530347;0.46143443337664841;0.8387810210862231;0.94726137937462751
5.3703179637025267;5.3703179637025267;0.13424821734428416;-8.4705847350171481;0.077629814698166821;0.40506303085412032;0.0092650373460321841;8.8710542983830294;8.6684212613132932;8.6684212613132932;0.15420667096337518;0.98868853424458936;0.15192663424419109;0.9852144093057712;0.55012578631520825;0.83975433862815285;0.46143478260809451;0.83878050090839407;0.94726109856716312
5.4954087385762458;5.4954087385762458;0.13424518465995799;-8.4759163466504486;0.081304506279903294;0.40507367741650552;0.0092513219365975702;8.4716883091106254;8.2782780370647764;8.2782780370647764;0.15421286107961066;0.98867831292994213;0.15193113918721493;0.98520407522160025;0.55012700261988212;0.83975326961045293;0.46143517701397013;0.83877936334058689;0.94725897235398382
5.6234132519034912;5.6234132519034912;0.13424821734428416;-8.477845749001828;0.085116691930490596;0.4050640730919951;0.0092311604648383713;8.0904976766401546;7.9056941504209473;7.9056941504209473;0.15420745992319704;0.98868865411816265;0.15192744899653049;0.98521465221071591;0.55012617536738018;0.83975515028676062;0.4614355720623996;0.83878134276059113;0.94726109856718155
5.7543993733715695;5.7543993733715695;0.13424938559532174;-8.4815743056348243;0.089124875971201736;0.40506358423918043;0.0092116566422978143;7.7264014061767554;7.5498793010050393;7.5498793010050393;0.15420732070089438;0.98868926059158557;0.15192740326706758;0.9852152451422912;0.55012656603468191;0.83975537000981693;0.46143601939817525;0.83878156025841644;0.94726191758038625
5.8884365535558896;5.8884365535558896;0.13424760222435;-8.4873463240674418;0.093342532007602702;0.40507341501641686;0.0091971687500206172;7.3786034207066713;7.2100787578165146;7.2100787578165146;0.15421308486120056;0.98867926477363277;0.15193150709594597;0.98520503128960735;0.55012803551158185;0.83975398463469497;0.46143643761700842;0.83878007996430093;0.94726066732115555
6.0255958607435778;6.0255958607435778;0.13424657702445986;-8.4916316834500734;0.09774001411783019;0.40507454316668634;0.0091747222064388224;7.0464826636091917;6.8855717583454163;6.8855717583454163;0.15421382678449083;0.98867947930610933;0.15193229915957135;0.98520542760340257;0.55012804414085992;0.83975487699481666;0.46143696123138483;0.83878101861179466;0.94725994856175966
6.1659500186148222;6.1659500186148222;0.13424967646598812;-8.4942619172147218;0.10232193937012365;0.40506472449163095;0.0091515062313627139;6.7294221362097861;6.5756699797384544;6.5756699797384544;0.15420831833090959;0.98869006562794293;0.15192854365570846;0.98521626654206129;0.55012721137569232;0.83975683565605774;0.46143739751788942;0.83878308139672275;0.94726212149393119
6.3095734448019334;6.3095734448019334;0.13424901366233821;-8.499427494149538;0.10714834096559843;0.40506797121030813;0.0091334871059449083;6.4265312090883953;6.2797160787739488;6.2797160787739488;0.15421029368872063;0.98868738361442676;0.15193007765738217;0.98521359387369323;0.55012774674619391;0.83975686921179338;0.46143786013799065;0.83878310604623785;0.94726165683617836
6.4565422903465564;6.4565422903465564;0.13424885153770444;-8.5047860470822769;0.1122018647724377;0.40507122045051569;0.0091099238385801105;6.1372856782369976;5.997082297548725;5.997082297548725;0.1542123157951053;0.98868454735355771;0.15193162830839546;0.98521073057653785;0.55012847459211245;0.83975681612844177;0.4614384309552369;0.83878303390379139;0.94726154317759093
6.6069344800759611;6.6069344800759611;0.1342475163936615;-8.5109856930783696;0.11750227334460719;0.40507753556048709;0.0090934275694016277;5.8610310175336364;5.7271691319194318;5.7271691319194318;0.15421604207824641;0.98867857018112326;0.15193436548626565;0.98520467416208835;0.55012938647588605;0.83975624891671874;0.46143885951119923;0.83878242256274305;0.9472606071467311
6.7608297539198192;6.7608297539198192;0.13424719691276538;-8.516792592149109;0.12304343264831856;0.40508105593863664;0.0090632558023754466;5.5972340148362711;5.4694040598738791;5.4694040598738791;0.15421825598077657;0.98867575532113539;0.15193611453185668;0.98520187227895795;0.55013015593909953;0.83975640367693893;0.4614395851214067;0.83878256834277043;0.94726038316288841
6.9183097091893639;6.9183097091893639;0.13424810290336597;-8.5220278826764542;0.12883320404605367;0.40507962970207517;0.009036531088145533;5.3453363590101119;5.2232403271351009;5.2232403271351009;0.15421759661054754;0.98867795433851247;0.15193582022194635;0.98520417618513756;0.55013030931336071;0.83975724003382402;0.46144019248997004;0.83878343853824688;0.94726101833592213
7.0794578438413787;7.0794578438413787;0.13424721598625167;-8.5289829340985719;0.13491862767446938;0.40508626423724425;0.0090096784912249879;5.1047384814308181;4.9881557874221993;4.9881557874221993;0.15422158256612711;0.98867161155915939;0.15193875305630591;0.98519772996855115;0.55013148958660352;0.83975665362965668;0.46144083123499385;0.83878280005702588;0.94726039653509675
7.2443596007499007;7.2443596007499007;0.13424764513969406;-8.5350376215985708;0.14127149692243884;0.40508654911563269;0.0089812840115451285;4.8749957724142288;4.7636517949081183;4.7636517949081183;0.15422192148790828;0.98867220541493339;0.15193919239832901;0.98519841363954053;0.5501318449448942;0.83975734240328204;0.46144152123988869;0.83878351249800953;0.94726069740832919
7.4131024130091747;7.4131024130091747;0.13426798701286297;-8.5409324732831386;0.14791545841106712;0.40507977231926029;0.0089507573934976548;4.6559636580807595;4.5492521465249585;4.5492521465249585;0.15421881571416718;0.98866854832095885;0.15193526954038789;0.98519281734070852;0.55013729849476956;0.83975073304158998;0.46144217656898839;0.83877638878792649;0.94727495476372081
7.5857757502918375;7.5857757502918375;0.13424245715141281;-8.547241601090759;0.15487367794204171;0.40508433413498002;0.0089194067093231258;4.4459567155442121;4.3445020718734391;4.3445020718734391;0.15422078205193177;0.98868060758809262;0.15193952971418576;0.98520787984995539;0.55013003515650805;0.83976234579322295;0.46144292202670878;0.83878881816629336;0.94725705994931597
7.7624711662869172;7.7624711662869172;0.13425083518028241;-8.5539146033337996;0.16216003683749286;0.40508097446902103;0.00889171397766691;4.245998001650312;4.1489672685939016;4.1489672685939016;0.15421925173147741;0.988680400682869;0.15193788453290083;0.98520698827829334;0.55013224899729907;0.83976027700089129;0.46144354274310689;0.83878657101843956;0.94726293378907078
7.9432823472428158;7.9432823472428158;0.13424673914909346;-8.5633019057324784;0.16983677469816924;0.40509321340837784;0.0088607873302963235;4.0548301721398978;3.9622329811527832;3.9622329811527832;0.15422643523232926;0.98866963902813454;0.15194330447964544;0.98519624246488946;0.55013353595504011;0.83975982285522832;0.46144435113022797;0.83878607823672047;0.94726006222736814
8.1283051616409931;8.1283051616409931;0.13424813628196697;-8.571493872742975;0.17784407084311285;0.40509627152045519;0.008827436508660625;3.8723543942133238;3.7839031210905203;3.7839031210905203;0.15422844942546138;0.98866653720114972;0.15194478865726599;0.98519299923780224;0.5501347860430772;0.83975946794458534;0.46144517685123582;0.83878567318065078;0.94726104173671954
8.3176377110267108;8.3176377110267108;0.13424785494804359;-8.580286511521658;0.18623370898975058;0.40510107465193002;0.0087876162513916573;3.698065575069549;3.6135994268648184;3.6135994268648184;0.15423145738177557;0.98866247666548379;0.1519471234210317;0.98518892319684581;0.55013586843947393;0.83975950280625822;0.46144609214285986;0.8387856866192106;0.94726084450062686
8.5113803820237663;8.5113803820237663;0.13425040125846843;-8.5873024073651667;0.19496900802260519;0.40509414173480263;0.0087438989971528568;3.5316611797330326;3.4509606615072106;3.4509606615072106;0.15422772333380064;0.98867089188402779;0.1519447865873117;0.98519762402542965;0.55013554086214533;0.83976163380175017;0.46144704641244483;0.83878792068094299;0.94726262959926544
8.7096358995608067;8.7096358995608067;0.13425305724143966;-8.5965591040662162;0.20415830080801664;0.40509626380401675;0.0087084838908838991;3.3727460764901931;3.2956418463910175;3.2956418463910175;0.15422925177597827;0.98866805952237635;0.15194581798105772;0.98519454793026362;0.55013703315806994;0.83976095969831432;0.46144788583651786;0.83878717123908075;0.94726449145218161
8.9125093813374558;8.9125093813374558;0.13424259543418871;-8.6056539145520503;0.2137654292259174;0.40509904746414327;0.008662467228190399;3.220812703371887;3.1473135294854178;3.1473135294854178;0.15423076633944222;0.98867321858715085;0.15194831529211522;0.98520106525112106;0.55013441408221253;0.83976651938641045;0.46144894923863816;0.83879309751685316;0.94725715691035273
9.1201083935590965;9.1201083935590965;0.13425542712211602;-8.6171841231396975;0.22387710701364749;0.40510627744332334;0.0086236686240132969;3.0760101403314208;3.0056610865435327;3.0056610865435327;0.15423563266826251;0.98865796740227152;0.15195049177302261;0.98518409231571735;0.55014026571709018;0.83975981272674882;0.46144989119024199;0.83878588779310104;0.94726615263261971
9.3325430079699103;9.3325430079699103;0.13424742579460142;-8.6290713873914076;0.23446347268211695;0.4051183480950018;0.0085782417115650919;2.9374728572769149;2.8703840537422072;2.8703840537422072;0.15424265620083388;0.98865050633862128;0.15195635027688834;0.98517721374709322;0.55014031292248555;0.83976169054992633;0.46145102934437182;0.83878788466350762;0.94726054362911227
9.5499258602143584;9.5499258602143584;0.1342485415935516;-8.6395063963940935;0.24549412112478725;0.405118162741405;0.0085289826279625388;2.8052773216682807;2.7411954903579625;2.7411954903579625;0.15424285201001064;0.98865197634356072;0.15195679050106989;0.98517881717596623;0.55014090679847327;0.83976280397504266;0.46145216049896437;0.83878903531164384;0.9472613258877649
9.7723722095581067;9.7723722095581067;0.13424791693687432;-8.6515946951917027;0.2570779432699718;0.40512422249491753;0.0084822157097075163;2.6790123496167424;2.6178213701272486;2.6178213701272486;0.15424662343343098;0.98864699601548489;0.15195973919602712;0.9851738457121505;0.55014216973084407;0.83976292553423915;0.46145327620596149;0.83878913778183295;0.94726088795957508
10;10;0.13424735903739926;-8.6642229643872586;0.2692079400094437;0.40513066746494253;0.0084297878941809248;2.5584312219490908;2.5;2.5;0.15425064926653315;0.98864177066165615;0.15196290152592232;0.9851686346119829;0.55014355876533083;0.83976310231923978;0.46145452813906845;0.83878929560621551;0.94726049682657287
10.232929922807541;10.232929922807541;0.13424867987632755;-8.6761043158582041;0.28186687616267991;0.40512967843109626;0.0083772488396905362;2.4432957584537984;2.38748146505359;2.38748146505359;0.1542503968880343;0.98864421841270644;0.15196305639235927;0.98517125050034493;0.55014407295256074;0.83976444777715509;0.46145572694202064;0.8387906907102356;0.94726142283267145
10.471285480508996;10.471285480508996;0.13424244761466986;-8.6899332610181172;0.2951675105209548;0.40513769941219446;0.0083232342840282962;2.333271163249746;2.2800270983897741;2.2800270983897741;0.1542551643092713;0.98864076134369294;0.15196731592844173;0.98516841629857799;0.55014393599975608;0.83976687055781252;0.46145702433540037;0.83879325779863723;0.94725705326232401
10.715193052376065;10.715193052376065;0.13424548745155346;-8.702762326340995;0.30903691654455484;0.40513560320575576;0.0082602299641090296;2.2282837587127124;2.1774089748902012;2.1774089748902012;0.15425437520127011;0.98864385014975187;0.15196702644674961;0.98517157940229583;0.55014484212574033;0.83976804557207585;0.46145844589881269;0.83879446022933424;0.94725918464891523
10.964781961431852;10.964781961431852;0.13425236344337477;-8.7157807436993924;0.32354042370540825;0.40513057121435603;0.0081921303550871565;2.1280530019803461;2.0794094277566768;2.0794094277566768;0.15425203434995463;0.98864812999454565;0.15196534869988892;0.98517565321130318;0.55014644701950943;0.83976838176152757;0.46145995493737935;0.83879475626426236;0.94726400511037878
11.220184543019636;11.220184543019636;0.13426050305366527;-8.7307135907224023;0.33877319118475596;0.40513152367998317;0.0081276407412120173;2.0323410104462645;1.9858205868107033;1.9858205868107033;0.15425321489859606;0.98864440901152995;0.1519658328186925;0.98517125181859411;0.55014964642680986;0.83976642005218216;0.46146145340995753;0.83879260198951866;0.94726971027281892
11.481536214968829;11.481536214968829;0.13418329119682321;-8.7489778843930566;0.35483073166214096;0.40516534645322905;0.008070883797038601;1.9402711486881596;1.8964439375729591;1.8964439375729591;0.15427064354258718;0.98865549279586673;0.15198592151297585;0.98519016983953511;0.55013145573621691;0.83979479511918709;0.4614629355560606;0.83882303173975914;0.94721554048262369
11.748975549395297;11.748975549395297;0.13425436854362488;-8.7628916111996968;0.37142909819262748;0.40513982513066316;0.0079879201290852936;1.8534715484186886;1.8110899001874747;1.8110899001874747;0.15425858783523175;0.9886438774087436;0.15197120516254287;0.98517176447166688;0.55015003653929406;0.83977136167594335;0.46146464207219534;0.83879780318661412;0.9472654106296523
12.022644346174131;12.022644346174131;0.13424946188926695;-8.7837636319211327;0.38908206865594663;0.40516249134022408;0.0079289132093487355;1.770016845570733;1.7295774272973408;1.7295774272973408;0.15427198806565195;0.98862238038247252;0.15198104896228573;0.98514999947760251;0.55015330033491761;0.83976934256816138;0.46146618422844299;0.83879563014075453;0.94726197106606236
12.302687708123818;12.302687708123818;0.13423123002052306;-8.8017244783452355;0.40739709709954347;0.40517029429688972;0.0078489885543054604;1.6902296835002628;1.6517336200189894;1.6517336200189894;0.15427635266722112;0.98862785289187782;0.15198653476002849;0.98515768704921458;0.55014932726483889;0.83977820200930253;0.46146804835773764;0.83880507616360211;0.94724918649995415
12.589254117941675;12.589254117941675;0.1342620241641998;-8.8217371431401581;0.42663259031109502;0.4051729530674324;0.0077673790016330492;1.6143556697193788;1.5773933612004827;1.5773933612004827;0.15427938681687284;0.98860829151130192;0.15198598049062073;0.98513471972134337;0.55016036373603194;0.83976574270883841;0.46146992593593444;0.8387916621295326;0.94727077629932654
12.882495516931343;12.882495516931343;0.13425589680671685;-8.8376222101262432;0.44651823063091656;0.40515869576806163;0.0076808059149656724;1.5416599093173464;1.5063989651858936;1.5063989651858936;0.15427129889740848;0.9886325880237713;0.15198206086959126;0.98516095965886963;0.55015595304195197;0.83977520646179948;0.46147175643485122;0.83880171410171367;0.94726648184779494
13.182567385564074;13.182567385564074;0.13425400376319874;-8.8627493349126194;0.46777546898310823;0.40518559245857211;0.0076009310376828161;1.4722626348656882;1.4385998433428919;1.4385998433428919;0.15428738263658215;0.98860493624723411;0.1519935253067809;0.98513256696301377;0.55016115913673924;0.83977126331424723;0.46147378886628032;0.8387974708908591;0.94726515493448438
13.48962882591654;13.48962882591654;0.13425042748451227;-8.8814462152531917;0.48962798417891579;0.4051761111552164;0.0075023138335633252;1.4059797871188224;1.3738521846440606;1.3738521846440606;0.15428224212053454;0.98862237210841764;0.15199137501513832;0.98515145311664276;0.55015860997992183;0.83977860707985041;0.46147592999765608;0.83880524929801203;0.94726264798448934
13.803842646028853;13.803842646028853;0.1342595469951629;-8.9032239523938479;0.51262155274161081;0.40517417403565226;0.0074054864982589334;1.3427492546369038;1.3120186506244307;1.3120186506244307;0.15428192619664469;0.98862264960986046;0.15199103400552427;0.98515126011454845;0.55016170896189243;0.83977791244281297;0.46147807880007291;0.83880443019351913;0.94726904022416436
14.125375446227547;14.125375446227547;0.13428315520286555;-8.9303369847348542;0.53695424734005204;0.40519009590147848;0.0073119088411256299;1.2824366775742593;1.2529680840681798;1.2529680840681798;0.15429253694786582;0.98859242019450699;0.15199633360546247;0.98511785866104973;0.55017312112172068;0.8397655758320085;0.46148034895229711;0.83879115724775455;0.94728558080740055
14.454397707459272;14.454397707459272;0.13425691008567808;-8.9552389708569855;0.56222719648110164;0.4052012482553603;0.007210661794011441;1.2245889578634825;1.1965752308065964;1.1965752308065964;0.1542986969414778;0.9885998156380742;0.15200402553963094;0.98512838120261526;0.55016731567669475;0.83977786937436716;0.46148269834848077;0.83880427862361528;0.94726719206923526
14.791083881682072;14.791083881682072;0.13425395369529725;-8.9822659102490778;0.58875166593255335;0.40521186858851893;0.0071072077724379963;1.169459545583853;1.1427204740371879;1.1427204740371879;0.15430535133712117;0.98859311837089792;0.15200960381173484;0.98512204855183105;0.55016902758702424;0.83977957024521865;0.46148510490131439;0.83880604279985194;0.94726511983884643
15.135612484362079;15.135612484362079;0.13425744891166691;-9.0078214255383831;0.61633831635599812;0.40520788115213369;0.0069959316931195049;1.1168408105251382;1.0912895806004153;1.0912895806004153;0.15430371988520042;0.98859999213274319;0.15200911807530643;0.98512931631459599;0.55016995049576511;0.83978248640406372;0.46148755078287873;0.83880908138844457;0.94726756973193094
15.488166189124811;15.488166189124811;0.13425824999809266;-9.0365121928265957;0.64535015578412525;0.40521427896802442;0.0068770408224418517;1.0665781115856814;1.0421734586758387;1.0421734586758387;0.15430810835349545;0.98859651307762897;0.15201293800049201;0.98512605476475956;0.55017211784413655;0.83978404613006341;0.46149024733371702;0.83881067826933564;0.9472681312024912
15.848931924611133;15.848931924611133;0.13425517439842222;-9.0693783608487557;0.67593996797668732;0.40523522910348386;0.0067631474291847248;1.0185616577626377;0.99526792638374351;0.99526792638374351;0.15432085769277659;0.98857802282349194;0.15202262834505759;0.98510746128501736;0.55017592448227715;0.83978330808187163;0.46149297785543625;0.83880983758005634;0.94726597548971725
16.218100973589298;16.218100973589298;0.13426501154899595;-9.1025605050137965;0.70789013426654779;0.40524795646894818;0.0066447234845542266;0.97275710807015003;0.95047349080140342;0.95047349080140342;0.15432924870088241;0.9885612528960358;0.15202812156494133;0.98508949434205395;0.55018231085670855;0.83977892071947469;0.46149571332088607;0.83880507281718053;0.94727286979319991
16.595869074375607;16.595869074375607;0.13425651907920838;-9.1345287171414835;0.74112528874311545;0.40525244053057929;0.0065114172067227;0.9289442691248706;0.90769513692525328;0.90769513692525328;0.15433228139535868;0.98856654043333825;0.15203215899390352;0.9850962975428138;0.55018113503587185;0.83978575999252103;0.46149871211735688;0.83881231603345896;0.94726691800963869
16.982436524617444;16.982436524617444;0.13425410151481632;-9.1709538308194674;0.77616971288564351;0.40526938579543548;0.0063859152149218588;0.88712631074411918;0.86684212613132905;0.86684212613132905;0.15434276074361972;0.98855280565241621;0.15204037789774286;0.9850826638399881;0.5501844011440824;0.83978611169663686;0.4615016276854299;0.83881263577404075;0.9472652234543637
17.378008287493753;17.378008287493753;0.13426347136497496;-9.2013768998197119;0.81218439818498855;0.40524799687361884;0.0062335819564427672;0.84723080342699353;0.8278278037064779;0.8278278037064779;0.15433134446050151;0.98857815437687147;0.15203317348668802;0.98510885146599847;0.55018394007781146;0.83979220335658999;0.46150476110677946;0.83881903394255697;0.9472717904872594
17.782794100389228;17.782794100389228;0.13425896048545827;-9.2435853806546717;0.8508130606365496;0.40527810659808183;0.0060928311316160721;0.80908453689202831;0.79056941504209477;0.79056941504209477;0.15434955584207061;0.98855076710950474;0.15204684506331373;0.98508119595035959;0.5501892714713511;0.83979046777500121;0.46150817888633661;0.83881711770231748;0.9472686291632213
18.197008586099834;18.197008586099834;0.13425248980522148;-9.2840500441602281;0.89093033740632355;0.40529202710259332;0.0059452242021331468;0.77264973495961242;0.75498793010050402;0.75498793010050402;0.15435823578431546;0.9885440938350265;0.15205449976845092;0.98507539293799951;0.55019071190439295;0.83979418108484971;0.46151153579331194;0.83882102297922678;0.94726409368880371
18.620871366628677;18.620871366628677;0.13425694346427908;-9.3250717726758516;0.93280296745189673;0.40529768960825613;0.0057867990708669343;0.73788791408304877;0.72100787578165126;0.72100787578165126;0.15436252326331182;0.98854064272257247;0.15205819758675027;0.98507198750158531;0.55019412991372174;0.83979537665148707;0.46151505619008959;0.83882221037592986;0.94726721546443615
19.054607179632473;19.054607179632473;0.1342506206035613;-9.368728741746283;0.976713675309961;0.40530929965897328;0.0056268354598430961;0.70465966440579941;0.68855717583454146;0.68855717583454146;0.15436991952830531;0.98853708275096697;0.15206509552274586;0.98506947459322325;0.55019521671734095;0.83979999928747129;0.46151864821492633;0.83882708208280987;0.94726278336603131
19.498445997580454;19.498445997580454;0.13426360964775086;-9.413467034440373;1.0225818478902005;0.40531254147426743;0.0054554467391247675;0.6729797207366357;0.65756699797384544;0.65756699797384544;0.1543731376406228;0.98853158217097203;0.15206729709609182;0.98506320089250943;0.55020099439675785;0.83979825081423154;0.46152240779015802;0.83882510662521192;0.9472718873927366
19.952623149688797;19.952623149688797;0.13426227450370787;-9.4628931132367615;1.0708941480536203;0.40533109250725546;0.0052849103513870907;0.64268721150341601;0.62797160787739492;0.62797160787739492;0.15438482668319506;0.98851698573218161;0.15207657993068144;0.98504874603221049;0.55020516980456657;0.83979896931864306;0.46152629093068814;0.83882579855551476;0.94727095173830345
20.417379446695296;20.417379446695296;0.13426566958427433;-9.5114681330731923;1.121113776137213;0.40533473876011894;0.0051026000631097263;0.61376985724869093;0.59970822975487248;0.59970822975487248;0.15438800237434269;0.98851749444452497;0.15207985329079879;0.98504968619292477;0.55020793962022274;0.83980184316823436;0.46153025383027801;0.83882877835031988;0.94727333090702526
20.892961308540396;20.892961308540396;0.13426458239555356;-9.5653207865766134;1.1740506640760993;0.40535341027191485;0.0049159902983808386;0.58614311421145415;0.57271691319194318;0.57271691319194318;0.15439984940622428;0.98850320779876311;0.15208934837812194;0.98503560050746264;0.55021229898878621;0.83980286330344456;0.46153446607197712;0.8388297879204325;0.94727256906232882
21.379620895022324;21.379620895022324;0.13426549077033989;-9.6204547492078412;1.2293293125513576;0.40536623239516045;0.0047267680208312917;0.55976436230886883;0.54694040598738791;0.54694040598738791;0.15440834297712092;0.98849468778299743;0.15209644412757919;0.98502737089870662;0.55021613501329014;0.83980458783661704;0.46153865183121301;0.83883154720656239;0.94727320560516837
21.877616239495531;21.877616239495531;0.13429095864295953;-9.6781298247388534;1.287200886275881;0.40537387736171282;0.0045261813338292947;0.53462527286045303;0.52232403271350958;0.52232403271350958;0.15441470886415012;0.98847711015038342;0.15209964080370966;0.98500746413687057;0.55022701952943764;0.83979664746842975;0.46154304196833007;0.83882293232900229;0.94729104577926271
22.387211385683401;22.387211385683401;0.1342672455310821;-9.7386573401502332;1.3478134122875844;0.40539416184892607;0.0043199714745713724;0.51051474918468709;0.49881557874221971;0.49881557874221971;0.15442681251433912;0.98847599620238968;0.15211184948465425;0.98500931935333502;0.55022439324035533;0.83980821948604112;0.46154762014915318;0.83883525670504877;0.94727443520757149
22.908676527677734;22.908676527677734;0.13426517605781552;-9.8042300787976941;1.4115987822888589;0.40541964223316862;0.0041104209579351271;0.48753376479756327;0.47636517949081153;0.47636517949081153;0.15444272313432583;0.98845508405631199;0.15212430837088081;0.98498851408215204;0.55022991269598465;0.83980844100941143;0.46155233867121476;0.83883541774333448;0.94727298507243007
23.442288153199225;23.442288153199225;0.13426519513130192;-9.8692213622144429;1.477855432425027;0.40542937661091216;0.003887833140120491;0.46559116633837594;0.45492521465249564;0.45492521465249564;0.15444953825347651;0.98845201618881351;0.15213066591005048;0.98498621381683649;0.55023299493425626;0.83981230042809241;0.46155714567114725;0.83883945514080938;0.94727299843810786
23.988329190194911;23.988329190194911;0.13427302479743958;-9.9354418364576063;1.5469233966212292;0.40543021717107175;0.003650160038727169;0.44465003728352348;0.43445020718734373;0.43445020718734373;0.154451466571639;0.98845501116871792;0.15213308991144728;0.98498961057701329;0.55023689256542951;0.8398152882943285;0.46156211835636507;0.83884255053196022;0.94727848446051299
24.547089156850312;24.547089156850312;0.13426733493804938;-10.013275649886484;1.6205940192963393;0.40547009445359805;0.0034291931205976635;0.424627824841871;0.41489672685938983;0.41489672685938983;0.15447575043812725;0.98841980115564254;0.15215154676924661;0.98495424905016682;0.5502441950045931;0.83981360507706604;0.46156721731735972;0.83884068474998963;0.94727449785560336
25.118864315095809;25.118864315095809;0.13426548004150402;-10.08620815549409;1.6963373560835322;0.40547439721411249;0.0031780107730299979;0.40551341582236305;0.39622329811527807;0.39622329811527807;0.15447944729794569;0.98842531808038636;0.15215626614476541;0.98496122821633647;0.55024569616485774;0.83982048667960207;0.46157247765893844;0.83884795624216546;0.94727319808706423
25.703957827688633;25.703957827688633;0.13426712989807138;-10.166463759284376;1.7762895588208947;0.40549422460074519;0.0029316172156373197;0.38726486133326121;0.37839031210905222;0.37839031210905222;0.15449234202186216;0.9884101059331778;0.15216664729770346;0.98494621355517031;0.55025145810386655;0.83982144355789479;0.46157782901863537;0.83884889757349268;0.94727435418259498
26.302679918953814;26.302679918953814;0.13427282810211189;-10.250809767585158;1.8600679664741746;0.40551504743754457;0.0026787688407573554;0.36984350085715628;0.36135994268648197;0.36135994268648197;0.15450598660929543;0.98839136520138382;0.15217714426512061;0.98492717081530412;0.55025877210764707;0.83982040014819415;0.46158330340507042;0.83884769639759771;0.94727834665607191
26.915348039269155;26.915348039269155;0.13426635324955;-10.335751038532619;1.9471542475290247;0.40552613389864206;0.0024050702856664562;0.3531886540356714;0.34509606615072125;0.34509606615072125;0.15451359241129414;0.98839253870322419;0.15218509824740845;0.98493016615853723;0.55026022383693285;0.83982809917509427;0.46158901421648757;0.83885586168277615;0.94727380997214294
27.542287033381662;27.542287033381662;0.13427463591098798;-10.431248217563994;2.0396012403809713;0.40556002177072975;0.0021462904081784636;0.33730372065739445;0.32956418463910181;0.32956418463910181;0.15453502182017198;0.98835690818419175;0.15220050213175856;0.98489326457577986;0.55027105921913777;0.83982247152579959;0.46159474672193296;0.83884976138297929;0.94727961317630049
28.183829312644534;28.183829312644534;0.13427627623081217;-10.525526648502716;2.135281005883384;0.40557433547766397;0.0018589010232033377;0.3221246659028747;0.31473135294854188;0.31473135294854188;0.15454486257577149;0.98834966211987341;0.1522091922414848;0.98488678112388539;0.55027588090869528;0.83982589142545405;0.46160076174643083;0.83885334204393758;0.94728076230249159
28.840315031266059;28.840315031266059;0.13427533209323889;-10.627634674053558;2.2361609866197538;0.40560273877006281;0.0015781652210299086;0.30762550600613692;0.30056610865435324;0.30056610865435324;0.15456284991945865;0.98832710452394257;0.15222346548423898;0.98486451022067267;0.55028267923153051;0.83982650128707659;0.46160678877426659;0.83885393125384256;0.94728010089309767
29.512092266663856;29.512092266663856;0.13427981436252595;-10.730027252178562;2.3408137081442995;0.40561340103332422;0.001273891281547518;0.29378534444932952;0.28703840537422071;0.28703840537422071;0.1545707119317235;0.98832290643491572;0.15223067299667645;0.98486104575826316;0.55028775618852999;0.83982992340367957;0.46161302186039727;0.838857518941867;0.94728324076601045
30.199517204020161;30.199517204020161;0.13427833139896395;-10.842319899540321;2.4515082340545282;0.40564535596746343;0.00097701138436059182;0.28056116168685458;0.27411954903579627;0.27411954903579627;0.15459082922955966;0.98829710095831325;0.15224653869413579;0.98483551354820198;0.55029516100495135;0.83983019984526375;0.4616193653724901;0.83885775867895851;0.94728220197819968
30.902954325135905;30.902954325135905;0.13428251802921298;-10.955036240559;2.5662935023403657;0.40565849817606148;0.00065864112389124336;0.2679383160140264;0.26178213701272485;0.26178213701272485;0.15460019919560153;0.9882905721372014;0.15225487205660468;0.98482972757344556;0.55030070584111801;0.83983335811923798;0.46162584250299127;0.83886107650436337;0.94728513452512086
31.622776601683793;31.622776601683793;0.13430293619632716;-11.079026490192792;2.6879014655828515;0.40569058691264526;0.00034994327413186209;0.255900001892992;0.25;0.25;0.15462120022854048;0.98825114288166804;0.15226910418882403;0.98478801072401523;0.55031534756559441;0.83982370214785751;0.46163239889055641;0.83885067158795257;0.94729943173992115
32.359365692962825;32.359365692962825;0.13428396284580219;-11.203017788868339;2.8138037519319377;0.40571127704440718;1.9261030097347036e-05;0.24436406060679733;0.23874814650535897;0.23874814650535897;0.15463424154315103;0.98825079870559485;0.15228239266188534;0.98479089199264191;0.55031488799980799;0.83983577328469561;0.46163910946303199;0.83886356616830815;0.94728614647674958
33.113112148259113;33.113112148259113;0.13428434669971451;-11.336371117573176;2.9465135994417162;0.40574074670205884;-0.00030864000474687862;0.23336622445219607;0.22800270983897741;0.22800270983897741;0.15465309268692815;0.98822774493402721;0.15229745492872732;0.98476824667858753;0.55032252510889512;0.83983644828642845;0.46164589279512463;0.83886425092953698;0.94728641532185975
33.884415613920254;33.884415613920254;0.13428512871265391;-11.475157814960875;3.0852541580341182;0.40576830108649653;-0.0006506557045504696;0.22286371124521626;0.21774089748902015;0.21774089748902015;0.1546708892936883;0.9882071830952468;0.15231188744230242;0.98474824925260096;0.55032995951549624;0.83983775442374198;0.46165288101815333;0.83886561695566575;0.9472869630225047
34.673685045253166;34.673685045253166;0.13428022205829598;-11.620997935276433;3.2306735628445016;0.4057992824630996;-0.00099246709957426715;0.2128290151156747;0.20794094277566774;0.20794094277566774;0.15469049934036827;0.98818611245206056;0.15232810501461483;0.98472825198814939;0.55033622514035052;0.8398406976476811;0.46165986110085122;0.8388687497049927;0.94728352634184498
35.481338923357548;35.481338923357548;0.13428617298603038;-11.772264414768628;3.3825277995613505;0.40582399845239359;-0.0013518548611901047;0.20325496928841469;0.19858205868107037;0.19858205868107037;0.15470687059501759;0.98816616423365544;0.1523411747032366;0.98470852727689284;0.55034483590454486;0.83984066770415211;0.46166705426037041;0.83886869493665017;0.94728769438500582
36.307805477010142;36.307805477010142;0.13429131329059585;-11.932457381229813;3.5420552138192325;0.40585572027935807;-0.0017112870820207629;0.19411097943261713;0.18964439375729586;0.18964439375729586;0.15472733250100568;0.98813846767499958;0.15235703213987889;0.98468079089315796;0.5503546058420109;0.8398391073025514;0.46167432376509737;0.8388670120399232;0.94729129412154367
37.15352290971726;37.15352290971726;0.13429061710834483;-12.097805052738606;3.7083694527685482;0.40588142209773798;-0.0020828485059319699;0.18537403006651682;0.18110899001874745;0.18110899001874745;0.15474409838140551;0.98812191145764516;0.15237114593338841;0.98466531213249653;0.55036128639964177;0.83984204766947457;0.46168166138184547;0.83887016182057161;0.94729080661718845
38.018939632056124;38.018939632056124;0.13429602444171884;-12.269243985157431;3.8819415324401936;0.40590062788861792;-0.0024632633698638421;0.17703465296951287;0.17295774272973408;0.17295774272973408;0.15475728061907654;0.98810935625737606;0.15238230245635062;0.98465352871783951;0.5503686652995804;0.83984399258397857;0.46168900278600777;0.8388722539912371;0.94729459288039963
38.904514499428068;38.904514499428068;0.13429476439952825;-12.453573465090219;4.0652075407314854;0.40593798028740202;-0.0028414239025439515;0.16906592904734685;0.16517336200189894;0.16517336200189894;0.15478089193627265;0.98807967374019334;0.15240104692238052;0.98462442628336855;0.55037754524861193;0.83984415027640535;0.4616965555373066;0.83887244224099455;0.94729371063748402
39.810717055349734;39.810717055349734;0.13428268473595351;-12.645921559188491;4.2569097425390288;0.4059760422986991;-0.0032210247144151285;0.16144890844064644;0.15773933612004823;0.15773933612004823;0.1548045413013231;0.98805595083093889;0.15242094972241368;0.98460257329098755;0.55038302491265534;0.83984903596278637;0.46170405435716372;0.83887771507930353;0.94728525128882035
40.738027780411279;40.738027780411279;0.13429744999855725;-12.845927102420458;4.4571617042296774;0.4060048978966786;-0.0036190271109684388;0.15419161600580078;0.15063989651858936;0.15063989651858936;0.15482378388668139;0.9880266928036644;0.15243525317398182;0.98457258534355563;0.55039548760495161;0.83984433308939821;0.46171175323606961;0.83887270814157711;0.94729559097504146
41.686938347033553;41.686938347033553;0.13428463738411633;-13.056686456058156;4.6673169868244946;0.40604423959246227;-0.0040092064937133371;0.1472443044629293;0.14385998433428915;0.14385998433428915;0.15484818949501444;0.98800221726968529;0.15245579993690464;0.98455009667267157;0.55040101499096172;0.83984930114953293;0.46171935316778673;0.83887809177708139;0.94728661891069121
42.657951880159274;42.657951880159274;0.13430053737014497;-13.274288550320996;4.8862367598201049;0.40606856689489679;-0.0044169149560648237;0.14062616152286939;0.1373852184644061;0.1373852184644061;0.15486482929523054;0.98797778728685604;0.15246831848120923;0.98452514476703645;0.55041294610447511;0.83984530447685535;0.4617270354146667;0.83887386494543914;0.94729775244581915
43.651583224016612;43.651583224016612;0.13430017497390476;-13.505959216061964;5.1168775904642256;0.40610870483949191;-0.0048201054695689426;0.13429674701085859;0.13120186506244308;0.13120186506244308;0.15489018174155167;0.98794489355922444;0.15248826984805824;0.98449280731362798;0.5504227520800381;0.83984446281132064;0.46173480627381991;0.83887303809468639;0.94729749874139091
44.668359215096324;44.668359215096324;0.13430245902389254;-13.746139040891071;5.3574656644164573;0.40614214982085339;-0.0052361441543566888;0.12825356927833903;0.12529680840681801;0.12529680840681801;0.15491172772639178;0.98791857073470279;0.15250551384904465;0.98446719359042312;0.55043209866416665;0.83984435396102086;0.46174263150556027;0.83887301017901172;0.94729909770489118
45.708818961487516;45.708818961487516;0.13430047538131434;-14.001600924436001;5.6109748419904202;0.40618792988370545;-0.0056388523690838422;0.12248023611685742;0.11965752308065952;0.11965752308065952;0.15494032099363955;0.98787998325972171;0.15252775777296915;0.98442908078930957;0.55044249783305199;0.83984257126414685;0.46175035877668669;0.83887120016073791;0.94729770904919475
46.77351412871981;46.77351412871981;0.13429397609084798;-14.263572493497284;5.8741933364429046;0.40622022735398722;-0.0060626295223620511;0.11696467707286209;0.11427204740371878;0.11427204740371878;0.15496090072406546;0.98786070660818859;0.15254532647606356;0.98441171781581704;0.55044874987141246;0.839846788946919;0.46175815664949887;0.83887583859054604;0.94729315867244313
47.863009232263828;47.863009232263828;0.13426616217940995;-14.537796369496741;6.1497139605436857;0.40625846593448356;-0.0064955430561931676;0.11168797368809194;0.10912895806004151;0.10912895806004151;0.15498425395541998;0.98784812135307132;0.15256702273059408;0.98440337541953649;0.55044925430272396;0.83985933716324435;0.46176606448211294;0.83888943598815557;0.94727367608435664
48.977881936844611;48.977881936844611;0.13430781867355063;-14.828112379018233;6.4395514270204117;0.40628857292487197;-0.0069171349075507855;0.10667895905725497;0.1042173458675839;0.1042173458675839;0.15500520895495265;0.98780087895785629;0.152579746069924;0.98435237821115074;0.55047080138035276;0.83984170853150752;0.46177380274915936;0.83887065688356577;0.94730284937023967
50.118723362727224;50.118723362727224;0.13431131388992029;-15.129571023885182;6.741911367020597;0.40632213946085494;-0.0073519593796806748;0.10187903905140849;0.099526792638374315;0.099526792638374315;0.15502689478526385;0.98777401484423111;0.15259704789142212;0.98432628804693889;0.55048058885473838;0.83984090423066859;0.46178162512574239;0.83886995195683089;0.94730529566794741
51.286138399136483;51.286138399136483;0.13431159045547209;-15.447945657674255;7.0597220105639735;0.40636374184446483;-0.0077818959881153036;0.097293834575489402;0.0950473490801403;0.0950473490801403;0.15505317752145351;0.98773955717418094;0.15261768371202669;0.98429252564598468;0.55049093834902074;0.83983927193154895;0.46178943567649317;0.83886836913509866;0.94730548922587776
52.480746024977257;52.480746024977257;0.13431622531264981;-15.776569238606875;7.3902759509603158;0.40639298986177408;-0.0082232225371318274;0.092916612919428876;0.090769513692525339;0.090769513692525339;0.1550723588573463;0.98771709364181448;0.15263323016712804;0.98427102864629756;0.55050021416681183;0.83983896623736187;0.46179714135167155;0.83886823195992144;0.94730873277268179
53.703179637025272;53.703179637025272;0.13431437518447598;-16.128169694844676;7.7399405883480785;0.40644184441649045;-0.0086446190572939778;0.088734019921861113;0.086684212613132916;0.086684212613132916;0.15510279393555587;0.98767518329974024;0.15265676712774984;0.98422964057744611;0.55051129969519497;0.83983606682939471;0.46180483137829886;0.83886530873024634;0.94730743807273687
54.954087385762456;54.954087385762456;0.1343190386518831;-16.488475385610059;8.1022591180344801;0.40647158241048975;-0.0090900608306143972;0.084741911543873519;0.082782780370647763;0.082782780370647763;0.15512225764108753;0.98765214008051183;0.15267250484781653;0.98420759966671523;0.55052067517767356;0.83983547502554134;0.46181246786369928;0.83886489406534126;0.9473107013922718
56.234132519034908;56.234132519034908;0.13432894255965894;-16.875503793660606;8.4864970017222845;0.40652172790285512;-0.009502938257634241;0.080931102493942614;0.079056941504209485;0.079056941504209485;0.15515381472733225;0.98760098178318578;0.1526954716734249;0.98415544562518398;0.55053581426596487;0.83982646367699021;0.46181995794382313;0.83885543133932616;0.94731763039849992
57.543993733715695;57.543993733715695;0.1343176367506379;-17.274907461110558;8.8859180422770869;0.40656469696453051;-0.0099360130201251451;0.077285108591699569;0.075498793010050413;0.075498793010050413;0.15518045872494346;0.98757204232051321;0.15271753301815205;0.98412863496455483;0.55054260853758052;0.83982931714596831;0.4618274734548023;0.83885873008369982;0.94730972043800221
58.884365535558899;58.884365535558899;0.13432022120803533;-17.691583791676969;9.3033265065660586;0.406601720953358;-0.010376425897744079;0.073807468539347831;0.07210078757816514;0.07210078757816514;0.15520410258597039;0.98754151348494812;0.15273619679879696;0.98409896551667242;0.55055274694248957;0.83982738035832416;0.46183497364576526;0.83885690555642312;0.94731152883468428
60.25595860743578;60.25595860743578;0.13432130839675599;-18.129968038503147;9.7414839567356637;0.40664327126543709;-0.010806631711477121;0.070485891698283731;0.068855717583454157;0.068855717583454157;0.15523031238879256;0.98750626117137208;0.15275663066960776;0.98406444153130879;0.55056326909227293;0.8398246388656132;0.46184232390017727;0.83885422407787569;0.94731228952435298
61.659500186148222;61.659500186148222;0.13432559039443659;-18.584540143910871;10.197816173111939;0.4066752360245634;-0.011247215901134294;0.067314656650491966;0.065756699797384535;0.065756699797384535;0.1552510054168022;0.98748040365025169;0.15277313128639311;0.98403956145883409;0.55057289841318224;0.83982298214089812;0.46184957922161862;0.83885273058794763;0.94731528535462028
63.095734448019329;63.095734448019329;0.1343254047259681;-19.066870783571233;10.679133649735096;0.4067203554683998;-0.01166432195405101;0.064284950301681132;0.062797160787739489;0.062797160787739489;0.15527920857161928;0.98744131273663782;0.15279491052838334;0.98400109025484817;0.55058366415018789;0.83981945348346121;0.46185667689924992;0.83884921942265422;0.94731515546191947
64.56542290346556;64.56542290346556;0.13432820852845828;-19.567428110841753;11.18057729411124;0.40675711448136143;-0.012099228066476774;0.061392339268618291;0.059970822975487253;0.059970822975487253;0.15530263495955335;0.98741053573130355;0.15281331933999734;0.98397119520731691;0.55059374539633021;0.83981691583991946;0.46186380249359776;0.83884680193949068;0.94731711691728304
66.069344800759609;66.069344800759609;0.13432716365903535;-20.097162302140248;11.708879092254328;0.40680459206408082;-0.012511453401987879;0.058628983868250745;0.057271691319194323;0.057271691319194323;0.15533216772789465;0.98736898367459169;0.15283601579005895;0.98393023174563321;0.55060467766708621;0.83981287700221652;0.46187074965106995;0.83884276393730939;0.94731638597579182
67.60829753919819;67.60829753919819;0.13432961221784273;-20.6470695215502;12.259280585337635;0.40684242100643497;-0.012931225796986502;0.055990793152307983;0.054694040598738787;0.054694040598738787;0.15535613687446431;0.98733661872951872;0.15285469306181848;0.98389864820939055;0.55061478257046337;0.83980973821209759;0.46187754658751673;0.83883971373109523;0.94731809883951534
69.183097091893657;69.183097091893657;0.13433210130780854;-21.222841950062787;12.835548700330033;0.40688070088625905;-0.013353139061248021;0.053471324569649273;0.052232403271350973;0.052232403271350973;0.15538037566697893;0.98730369870062895;0.15287354852630161;0.9838665138379501;0.55062499368007889;0.83980639509359833;0.46188431991570233;0.83883645896405468;0.94731983993907853
70.794578438413808;70.794578438413808;0.13433474954217589;-21.824496595863383;13.438161705329289;0.40691650562297182;-0.013770798230474873;0.051065259295193823;0.049881557874221966;0.049881557874221966;0.15540312664537054;0.98727338053048175;0.15289136009645243;0.98383709129192787;0.55063471604593239;0.83980343163415483;0.46189091402054361;0.83883362338166478;0.9473216922291503
72.443596007499025;72.443596007499025;0.13434760842472226;-22.453388302702589;14.06840403278682;0.40694804585824002;-0.014187127802894373;0.048769451614363427;0.047636517949081164;0.047636517949081164;0.15542370342876324;0.9872414655415791;0.15290663054133233;0.98380509000942329;0.55064688570015063;0.83979673057482762;0.46189736010061794;0.83882679099022384;0.94733068438722701
74.131024130091774;74.131024130091774;0.13434598494321015;-23.121112832356378;14.734161647740093;0.4069969361785255;-0.014574442799243803;0.04657416237375283;0.045492521465249562;0.045492521465249562;0.15545392131656002;0.98719770762225478;0.1529296277088589;0.98376178879038534;0.55065778098935736;0.83979169944710974;0.46190370665508745;0.8388217194083647;0.94732954926800994
75.857757502918403;75.857757502918403;0.13434232715517186;-23.816285965521026;15.42878353182423;0.40703959127657402;-0.014963175237845041;0.044477329232433846;0.043445020718734358;0.043445020718734358;0.15548037732474179;0.98716236194592288;0.15295032737212505;0.98372752886152059;0.55066672307187858;0.83978908683493692;0.46190985537490975;0.83881926403353158;0.94732699160127198
77.624711662869203;77.624711662869203;0.13433370117097992;-24.551226828176681;16.160808483516973;0.40709367487672821;-0.015331197387864752;0.042474054582921014;0.041489672685938984;0.041489672685938984;0.15551331888702197;0.98711625264542335;0.15297570285629888;0.98368232348917573;0.55067629219813063;0.83978538174131168;0.46191587853958627;0.83881562559332257;0.94732095896885338
79.432823472428169;79.432823472428169;0.13433751944452421;-25.306652036983685;16.917974605115802;0.40712474408576299;-0.015734334389285148;0.04056302655202651;0.039622329811527822;0.039622329811527822;0.15553322604279154;0.98709002800743406;0.15299135765708094;0.98365707154424187;0.55068533104133732;0.83978239070366012;0.46192190503374614;0.83881280106056044;0.94732362947587101
81.283051616409949;81.283051616409949;0.13434037808328758;-26.100472644645894;17.712618987729563;0.40715913941151516;-0.016119082996622298;0.038737832428111095;0.037839031210905184;0.037839031210905184;0.15555498985615235;0.98705992509761209;0.15300820422307615;0.98362774710453638;0.55069466261214128;0.83977857408702228;0.46192768611286061;0.83880908509585472;0.94732562863061076
83.176377110267083;83.176377110267083;0.13433435086160783;-26.93681493170951;18.548194089889321;0.40720206795809805;-0.016485800544142771;0.036993451167596079;0.036135994268648199;0.036135994268648199;0.15558140700191114;0.98702496262775563;0.153028942181824;0.9835940240593416;0.55070276266590024;0.8397762744263616;0.46193332409806326;0.83880698520902186;0.94732141338318943
85.113803820237635;85.113803820237635;0.1343214708077709;-27.807798568542783;19.419834375391968;0.40724011039472663;-0.016857214673680065;0.035326652014079349;0.03450960661507213;0.03450960661507213;0.15560470263364359;0.98700001374355106;0.15304834551555999;0.98357146619082392;0.5507076247310837;0.83977834595190692;0.46193884007736585;0.8388095957504409;0.94731240315897747
87.096358995608057;87.096358995608057;0.13434330309508236;-28.72399259769519;20.335469064540014;0.40727461882080851;-0.017213452832728706;0.033739636219374008;0.032956418463910182;0.032956418463910182;0.15562708554068824;0.98695698432025247;0.15306339920168907;0.98352673424364234;0.55072306321945808;0.8397651298399077;0.46194418486822142;0.83879578633906038;0.9473276740410943
89.125093813374548;89.125093813374548;0.13434123600600142;-29.676508783932537;21.289338102826001;0.40730601416027784;-0.017575846739695401;0.032220836119925399;0.031473135294854182;0.031473135294854182;0.15564678741145116;0.98693260505487257;0.1530792024436623;0.98350377151697022;0.5507300487627883;0.83976364386572744;0.46194938561064597;0.83879459028686099;0.94732622857809912
91.201083935590972;91.201083935590972;0.13436502064345268;-30.678282618161074;22.291253500514806;0.40733614258394479;-0.017925209337195502;0.030773586101433891;0.030056610865435325;0.030056610865435325;0.15566661437612345;0.98689311933818735;0.15309228764226543;0.98346256360636264;0.55074518432395037;0.83975039102234605;0.46195446089350967;0.8387807538627271;0.94734285564447163
93.325430079699103;93.325430079699103;0.13434724139747994;-31.732986154418239;23.344602302142327;0.40738140887448815;-0.018250907222134887;0.029386457450771803;0.028703840537422066;0.028703840537422066;0.15569383530895908;0.98686141172165687;0.15311447178575496;0.98343310434812259;0.55074975393942716;0.83975187257563844;0.46195937086760253;0.83878270950332545;0.94733042777045851
95.499258602143584;95.499258602143584;0.13431173610268005;-32.832362546782747;24.443912046386757;0.40742486748046181;-0.018579240998266737;0.028059864741568772;0.027411954903579627;0.027411954903579627;0.15571935052366837;0.98684289761368271;0.15313738473216162;0.9834191076264841;0.55074813957648616;0.83976188105325711;0.46196414332419583;0.83879383356507864;0.94730559115836066
97.723722095581067;97.723722095581067;0.13435039329109549;-33.979411020140837;25.59189775545676;0.40744594812982415;-0.018909700740320091;0.026801105496752398;0.026178213701272487;0.026178213701272487;0.15573427077719376;0.98680395854773573;0.15314550747897118;0.98337704806203974;0.55076619904195323;0.83974366040567683;0.46196873660570292;0.83877466955904023;0.94733263141599056
100;100;0.13435024070320467;-35.187756147246439;26.799449356810349;0.40748326430672738;-0.019222670033782838;0.025594841430527725;0.025000000000000001;0.025000000000000001;0.15575735730003654;0.98676996310115328;0.15316299285358834;0.98334355120412931;0.55077483686972573;0.83973873277761979;0.46197327469668226;0.83876975448308722;0.94733252473858476
